mass_A
t,x,y
0.000000000E0,1.778210935E-2,-3.941700906E-1
3.315555556E-2,1.652973095E-2,-3.959014737E-1
6.631111111E-2,1.658407220E-2,-3.962584862E-1
9.946666667E-2,1.699418576E-2,-3.957022321E-1
1.326222222E-1,1.740775810E-2,-3.944757608E-1
1.657777778E-1,1.705966211E-2,-3.961061364E-1
1.989333333E-1,1.787524868E-2,-3.960521064E-1
2.320888889E-1,1.927270708E-2,-3.955502793E-1
2.652444444E-1,2.158533520E-2,-3.952987194E-1
2.984000000E-1,2.514946516E-2,-3.949425696E-1
3.315555556E-1,2.992697850E-2,-3.935131164E-1
3.647111111E-1,3.578921568E-2,-3.930592284E-1
3.978666667E-1,4.210434595E-2,-3.925244562E-1
4.310222222E-1,4.961975553E-2,-3.917622919E-1
4.641777778E-1,5.834862886E-2,-3.905922630E-1
4.973333333E-1,6.752753929E-2,-3.900909570E-1
5.304888889E-1,7.883985045E-2,-3.884192362E-1
5.636444444E-1,9.170432233E-2,-3.875613998E-1
5.968000000E-1,1.059820927E-1,-3.869187408E-1
6.299555556E-1,1.232117232E-1,-3.858955469E-1
6.631111111E-1,1.422909613E-1,-3.849523136E-1
6.962666667E-1,1.634151250E-1,-3.849412514E-1
7.294222222E-1,1.866948967E-1,-3.849766288E-1
7.625777778E-1,2.115875109E-1,-3.851145263E-1
7.957333333E-1,2.382148542E-1,-3.849137197E-1
8.288888889E-1,2.661036275E-1,-3.852781393E-1
8.620444444E-1,2.952540868E-1,-3.869375525E-1
8.952000000E-1,3.269241138E-1,-3.868112797E-1
9.283555556E-1,3.598940404E-1,-3.884569027E-1
9.615111111E-1,3.945382925E-1,-3.887655040E-1
9.946666667E-1,4.306430578E-1,-3.904809325E-1
1.027822222E0,4.684805602E-1,-3.914096421E-1
1.060977778E0,5.075255935E-1,-3.921674907E-1
1.094133333E0,5.475522244E-1,-3.918746250E-1
1.127288889E0,5.875905881E-1,-3.932354379E-1
1.160444444E0,6.277427516E-1,-3.934994530E-1
1.193600000E0,6.677853438E-1,-3.930868290E-1
1.226755556E0,7.074760881E-1,-3.937439841E-1
1.259911111E0,7.468539913E-1,-3.934831447E-1
1.293066667E0,7.843598882E-1,-3.928765364E-1
1.326222222E0,8.210057838E-1,-3.917751313E-1
1.359377778E0,8.569800226E-1,-3.913500325E-1
1.392533333E0,8.910423537E-1,-3.898022980E-1
1.425688889E0,9.240723581E-1,-3.885234966E-1
1.458844444E0,9.557167709E-1,-3.865628505E-1
1.492000000E0,9.867533852E-1,-3.850789220E-1
1.525155556E0,1.015083549E0,-3.836799452E-1
1.558311111E0,1.041067095E0,-3.826700280E-1
1.591466667E0,1.065363800E0,-3.816051796E-1
1.624622222E0,1.087221670E0,-3.815347628E-1
1.657777778E0,1.106731202E0,-3.814342815E-1
1.690933333E0,1.123926306E0,-3.819964382E-1
1.724088889E0,1.139328402E0,-3.821159696E-1
1.757244444E0,1.152511679E0,-3.829521148E-1
1.790400000E0,1.164447909E0,-3.845743891E-1
1.823555556E0,1.174369455E0,-3.850511416E-1
1.856711111E0,1.183215276E0,-3.867906516E-1
1.889866667E0,1.190027540E0,-3.887487628E-1
1.923022222E0,1.196029660E0,-3.891824517E-1
1.956177778E0,1.200650188E0,-3.899291247E-1
1.989333333E0,1.203897397E0,-3.901748390E-1
2.022488889E0,1.206256609E0,-3.911759112E-1
2.055644444E0,1.208197425E0,-3.911484366E-1
2.088800000E0,1.209823017E0,-3.904709272E-1
2.121955556E0,1.211708772E0,-3.902249282E-1
2.155111111E0,1.213393043E0,-3.900920504E-1
2.188266667E0,1.215964231E0,-3.891562151E-1
2.221422222E0,1.219065154E0,-3.882932071E-1
2.254577778E0,1.221848722E0,-3.883868787E-1
2.287733333E0,1.225538675E0,-3.881090173E-1
2.320888889E0,1.229547287E0,-3.881643720E-1
2.354044444E0,1.234766107E0,-3.873315638E-1
2.387200000E0,1.239260327E0,-3.881289490E-1
2.420355556E0,1.244196945E0,-3.884762788E-1
2.453511111E0,1.249890142E0,-3.885786913E-1
2.486666667E0,1.256012942E0,-3.896743646E-1
2.519822222E0,1.262900675E0,-3.894613445E-1
2.552977778E0,1.270235826E0,-3.904655554E-1
2.586133333E0,1.278306030E0,-3.900300044E-1
2.619288889E0,1.285794275E0,-3.896797116E-1
2.652444444E0,1.292715206E0,-3.897838342E-1
2.685600000E0,1.299695679E0,-3.888362082E-1
2.718755556E0,1.306125087E0,-3.882596607E-1
2.751911111E0,1.311677490E0,-3.885420756E-1
2.785066667E0,1.316463157E0,-3.884069814E-1
2.818222222E0,1.320337167E0,-3.881916338E-1
2.851377778E0,1.323591289E0,-3.872897644E-1
2.884533333E0,1.326147390E0,-3.873438445E-1
2.917688889E0,1.327946610E0,-3.863343215E-1
2.950844444E0,1.328351012E0,-3.865359577E-1
2.984000000E0,1.327498310E0,-3.863972207E-1
3.017155556E0,1.325253785E0,-3.871795711E-1
3.050311111E0,1.322859327E0,-3.868086772E-1
3.083466667E0,1.318567287E0,-3.886293751E-1
3.116622222E0,1.314016433E0,-3.878132543E-1
3.149777778E0,1.307858593E0,-3.887763403E-1
3.182933333E0,1.301513794E0,-3.900107947E-1
3.216088889E0,1.295284324E0,-3.896940523E-1
3.249244444E0,1.288390831E0,-3.898432528E-1
3.282400000E0,1.280598405E0,-3.900914593E-1
3.315555556E0,1.273935132E0,-3.895253695E-1
3.348711111E0,1.266310156E0,-3.901523146E-1
3.381866667E0,1.259252175E0,-3.894920939E-1
3.415022222E0,1.252760224E0,-3.881804867E-1
3.448177778E0,1.245887950E0,-3.880383027E-1
3.481333333E0,1.240189791E0,-3.872096737E-1
3.514488889E0,1.234980950E0,-3.869376749E-1
3.547644444E0,1.231302003E0,-3.868710763E-1
3.580800000E0,1.228409240E0,-3.865712933E-1
3.613955556E0,1.226796991E0,-3.855939354E-1
3.647111111E0,1.226383831E0,-3.851217638E-1
3.680266667E0,1.226259683E0,-3.852279496E-1
3.713422222E0,1.228257568E0,-3.853383526E-1
3.746577778E0,1.229761694E0,-3.872014291E-1
3.779733333E0,1.233577531E0,-3.862303895E-1
3.812888889E0,1.237598598E0,-3.862074353E-1
3.846044444E0,1.242408819E0,-3.867138478E-1
3.879200000E0,1.247569789E0,-3.880842152E-1
3.912355556E0,1.253565419E0,-3.889436911E-1
3.945511111E0,1.261035805E0,-3.881150846E-1
3.978666667E0,1.267774949E0,-3.882356111E-1
4.011822222E0,1.275312209E0,-3.885431865E-1
4.044977778E0,1.282492740E0,-3.884741006E-1
4.078133333E0,1.289371513E0,-3.884497377E-1
4.111288889E0,1.295965426E0,-3.880937030E-1
4.144444444E0,1.301650399E0,-3.887414737E-1
4.177600000E0,1.307388273E0,-3.882784392E-1
4.210755556E0,1.312553431E0,-3.876462618E-1
4.243911111E0,1.316774593E0,-3.869763527E-1
4.277066667E0,1.320426147E0,-3.864539799E-1
4.310222222E0,1.322881249E0,-3.870388611E-1
4.343377778E0,1.324225937E0,-3.866479673E-1
4.376533333E0,1.324694748E0,-3.869855881E-1
4.409688889E0,1.324812198E0,-3.867319772E-1
4.442844444E0,1.323033962E0,-3.868713387E-1
4.476000000E0,1.320580012E0,-3.877079052E-1
4.509155556E0,1.316385196E0,-3.890099556E-1
4.542311111E0,1.312596769E0,-3.880351744E-1
4.575466667E0,1.307339028E0,-3.881744389E-1
4.608622222E0,1.301472478E0,-3.890009189E-1
4.641777778E0,1.295271384E0,-3.896331442E-1
4.674933333E0,1.288694511E0,-3.900538807E-1
4.708088889E0,1.281690161E0,-3.903015437E-1
4.741244444E0,1.275333292E0,-3.896008262E-1
4.774400000E0,1.267935422E0,-3.902677711E-1
4.807555556E0,1.261252445E0,-3.902039830E-1
4.840711111E0,1.254703341E0,-3.900289320E-1
4.873866667E0,1.248760155E0,-3.893333278E-1
4.907022222E0,1.243806016E0,-3.882136844E-1
4.940177778E0,1.238683523E0,-3.879619533E-1
4.973333333E0,1.235081074E0,-3.867150250E-1
5.006488889E0,1.232606247E0,-3.863261635E-1
5.039644444E0,1.230074299E0,-3.867467816E-1
5.072800000E0,1.229152348E0,-3.863633971E-1
5.105955556E0,1.229297322E0,-3.863387864E-1
5.139111111E0,1.230005381E0,-3.867864673E-1
5.172266667E0,1.231912027E0,-3.870763968E-1
5.205422222E0,1.235467995E0,-3.865200922E-1
5.238577778E0,1.239358145E0,-3.865691309E-1
5.271733333E0,1.243613507E0,-3.876761187E-1
5.304888889E0,1.249267193E0,-3.880667729E-1
5.338044444E0,1.254781769E0,-3.890198311E-1
5.371200000E0,1.261785686E0,-3.883316669E-1
5.404355556E0,1.268837258E0,-3.882901026E-1
5.437511111E0,1.275692547E0,-3.882523479E-1
5.470666667E0,1.282083359E0,-3.887818745E-1
5.503822222E0,1.289162143E0,-3.880855100E-1
5.536977778E0,1.295357216E0,-3.889009622E-1
5.570133333E0,1.301469832E0,-3.886846058E-1
5.603288889E0,1.307166203E0,-3.882561146E-1
5.636444444E0,1.312349521E0,-3.876151165E-1
5.669600000E0,1.316428615E0,-3.871026043E-1
5.702755556E0,1.320171909E0,-3.864994445E-1
5.735911111E0,1.322484106E0,-3.866060396E-1
5.769066667E0,1.323675543E0,-3.868468368E-1
5.802222222E0,1.324033399E0,-3.869185077E-1
5.835377778E0,1.323683387E0,-3.863322332E-1
5.868533333E0,1.322217292E0,-3.862987615E-1
5.901688889E0,1.319541193E0,-3.871018449E-1
5.934844444E0,1.316034510E0,-3.874084724E-1
5.968000000E0,1.311143969E0,-3.888535017E-1
6.001155556E0,1.306447312E0,-3.883312648E-1
