mass_B
t,x,y
0.000000000E0,5.523371602E-3,-2.209348641E-2
3.315555556E-2,8.032457917E-3,-2.293804652E-2
6.631111111E-2,8.238611246E-3,-2.298305247E-2
9.946666667E-2,9.235928411E-3,-2.306430987E-2
1.326222222E-1,1.098955691E-2,-2.332443491E-2
1.657777778E-1,1.330973580E-2,-2.205999488E-2
1.989333333E-1,1.554675846E-2,-2.337459004E-2
2.320888889E-1,1.842260420E-2,-2.390638497E-2
2.652444444E-1,2.032418053E-2,-2.219111741E-2
2.984000000E-1,2.340484279E-2,-2.335808070E-2
3.315555556E-1,2.685236200E-2,-2.257409385E-2
3.647111111E-1,2.929657595E-2,-2.357655486E-2
3.978666667E-1,3.264366348E-2,-2.317511085E-2
4.310222222E-1,3.611582489E-2,-2.253776954E-2
4.641777778E-1,3.920409567E-2,-2.332320872E-2
4.973333333E-1,4.191453085E-2,-2.204013285E-2
5.304888889E-1,4.596332408E-2,-2.378809427E-2
5.636444444E-1,4.967914646E-2,-2.211786824E-2
5.968000000E-1,5.315774355E-2,-2.349934642E-2
6.299555556E-1,5.709571769E-2,-2.210352158E-2
6.631111111E-1,6.062824383E-2,-2.328844956E-2
6.962666667E-1,6.511562864E-2,-2.211329350E-2
7.294222222E-1,6.866190941E-2,-2.349538040E-2
7.625777778E-1,7.342814199E-2,-2.248008482E-2
7.957333333E-1,7.797750749E-2,-2.374840392E-2
8.288888889E-1,8.212620146E-2,-2.220809576E-2
8.620444444E-1,8.638043029E-2,-2.392673689E-2
8.952000000E-1,9.087646074E-2,-2.370684346E-2
9.283555556E-1,9.518457413E-2,-2.169480547E-2
9.615111111E-1,1.002412207E-1,-2.370344634E-2
9.946666667E-1,1.051528386E-1,-2.182717899E-2
1.027822222E0,1.102484612E-1,-2.237356315E-2
1.060977778E0,1.154494808E-1,-2.333871063E-2
1.094133333E0,1.200469047E-1,-2.176543832E-2
1.127288889E0,1.257335368E-1,-2.329567331E-2
1.160444444E0,1.307013158E-1,-2.192841384E-2
1.193600000E0,1.370822171E-1,-2.364991571E-2
1.226755556E0,1.426803272E-1,-2.199821904E-2
1.259911111E0,1.490797439E-1,-2.268078728E-2
1.293066667E0,1.556133471E-1,-2.372800970E-2
1.326222222E0,1.617633006E-1,-2.271223651E-2
1.359377778E0,1.677795613E-1,-2.352162013E-2
1.392533333E0,1.738670061E-1,-2.210101798E-2
1.425688889E0,1.806916288E-1,-2.378858260E-2
1.458844444E0,1.878926425E-1,-2.208368936E-2
1.492000000E0,1.942016467E-1,-2.348948067E-2
1.525155556E0,2.016016689E-1,-2.216119766E-2
1.558311111E0,2.083774669E-1,-2.314241619E-2
1.591466667E0,2.159563564E-1,-2.282590833E-2
1.624622222E0,2.230106454E-1,-2.264228452E-2
1.657777778E0,2.306068029E-1,-2.268501387E-2
1.690933333E0,2.384425380E-1,-2.293091511E-2
1.724088889E0,2.461580888E-1,-2.283833698E-2
1.757244444E0,2.539733193E-1,-2.304851012E-2
1.790400000E0,2.617195306E-1,-2.310919009E-2
1.823555556E0,2.697023974E-1,-2.328988530E-2
1.856711111E0,2.779621557E-1,-2.368829255E-2
1.889866667E0,2.859337392E-1,-2.372390126E-2
1.923022222E0,2.947811548E-1,-2.385507873E-2
1.956177778E0,3.029465646E-1,-2.400831356E-2
1.989333333E0,3.123292023E-1,-2.422328715E-2
2.022488889E0,3.213438961E-1,-2.464903092E-2
2.055644444E0,3.291699938E-1,-2.491100926E-2
2.088800000E0,3.367375867E-1,-2.428340669E-2
2.121955556E0,3.430474857E-1,-2.463852239E-2
2.155111111E0,3.480431331E-1,-2.396319935E-2
2.188266667E0,3.530944108E-1,-2.508927344E-2
2.221422222E0,3.567030633E-1,-2.418138215E-2
2.254577778E0,3.596951787E-1,-2.499171335E-2
2.287733333E0,3.616200313E-1,-2.431167028E-2
2.320888889E0,3.631749442E-1,-2.513315455E-2
2.354044444E0,3.630376758E-1,-2.414335818E-2
2.387200000E0,3.634535756E-1,-2.482250136E-2
2.420355556E0,3.633043269E-1,-2.404295611E-2
2.453511111E0,3.635948185E-1,-2.496059484E-2
2.486666667E0,3.634420743E-1,-2.388199111E-2
2.519822222E0,3.637093326E-1,-2.518116981E-2
2.552977778E0,3.636146347E-1,-2.394957236E-2
2.586133333E0,3.639009280E-1,-2.534430136E-2
2.619288889E0,3.633888961E-1,-2.378475598E-2
2.652444444E0,3.640083903E-1,-2.526478781E-2
2.685600000E0,3.636332586E-1,-2.377072088E-2
2.718755556E0,3.640603017E-1,-2.540024314E-2
2.751911111E0,3.638370544E-1,-2.362881469E-2
2.785066667E0,3.639794129E-1,-2.523603828E-2
2.818222222E0,3.634735888E-1,-2.372749059E-2
2.851377778E0,3.640337318E-1,-2.541786766E-2
2.884533333E0,3.636095770E-1,-2.378641469E-2
2.917688889E0,3.640793932E-1,-2.538291043E-2
2.950844444E0,3.638336878E-1,-2.373779922E-2
2.984000000E0,3.641455381E-1,-2.543558329E-2
3.017155556E0,3.637553412E-1,-2.380844883E-2
3.050311111E0,3.635981473E-1,-2.378307317E-2
3.083466667E0,3.640531266E-1,-2.523481247E-2
3.116622222E0,3.639864842E-1,-2.526376843E-2
3.149777778E0,3.637849864E-1,-2.381055212E-2
3.182933333E0,3.640473153E-1,-2.527830969E-2
3.216088889E0,3.636860305E-1,-2.385246757E-2
3.249244444E0,3.638563542E-1,-2.508308480E-2
3.282400000E0,3.636049281E-1,-2.382412733E-2
3.315555556E0,3.641071323E-1,-2.529340669E-2
3.348711111E0,3.636994636E-1,-2.376952249E-2
3.381866667E0,3.640345554E-1,-2.539811864E-2
3.415022222E0,3.636573545E-1,-2.378347583E-2
3.448177778E0,3.639619166E-1,-2.530897974E-2
3.481333333E0,3.636078459E-1,-2.374946469E-2
3.514488889E0,3.639132866E-1,-2.527991703E-2
3.547644444E0,3.636445130E-1,-2.382381838E-2
3.580800000E0,3.639092062E-1,-2.551027709E-2
3.613955556E0,3.636379558E-1,-2.381857420E-2
3.647111111E0,3.640146666E-1,-2.534444145E-2
3.680266667E0,3.637264136E-1,-2.381295749E-2
3.713422222E0,3.642584869E-1,-2.519909760E-2
3.746577778E0,3.636778456E-1,-2.395449771E-2
3.779733333E0,3.641224881E-1,-2.518717657E-2
3.812888889E0,3.637121296E-1,-2.385391215E-2
3.846044444E0,3.640704869E-1,-2.519374890E-2
3.879200000E0,3.636353696E-1,-2.388876668E-2
3.912355556E0,3.638293012E-1,-2.517368891E-2
3.945511111E0,3.634526425E-1,-2.390003543E-2
3.978666667E0,3.641448911E-1,-2.530253538E-2
4.011822222E0,3.635538175E-1,-2.373507517E-2
4.044977778E0,3.640398392E-1,-2.535843413E-2
4.078133333E0,3.635325090E-1,-2.374674137E-2
4.111288889E0,3.640520284E-1,-2.529591120E-2
4.144444444E0,3.635622331E-1,-2.384835493E-2
4.177600000E0,3.641264782E-1,-2.527380486E-2
4.210755556E0,3.636737584E-1,-2.377665382E-2
4.243911111E0,3.641346835E-1,-2.506564321E-2
4.277066667E0,3.641394232E-1,-2.506509374E-2
4.310222222E0,3.637580642E-1,-2.381092814E-2
4.343377778E0,3.641474513E-1,-2.522850521E-2
4.376533333E0,3.636630252E-1,-2.399428131E-2
4.409688889E0,3.640976552E-1,-2.523152162E-2
4.442844444E0,3.636196381E-1,-2.384060002E-2
4.476000000E0,3.641617254E-1,-2.543600330E-2
4.509155556E0,3.642241694E-1,-2.510175843E-2
4.542311111E0,3.635173546E-1,-2.375312246E-2
4.575466667E0,3.640812302E-1,-2.524070031E-2
4.608622222E0,3.638444553E-1,-2.389056455E-2
4.641777778E0,3.640899823E-1,-2.529051500E-2
4.674933333E0,3.638384526E-1,-2.378350270E-2
4.708088889E0,3.642267186E-1,-2.544075144E-2
4.741244444E0,3.637299831E-1,-2.379429100E-2
4.774400000E0,3.641605869E-1,-2.520270295E-2
4.807555556E0,3.637020718E-1,-2.386184380E-2
4.840711111E0,3.639885861E-1,-2.527891159E-2
4.873866667E0,3.635646879E-1,-2.389466872E-2
4.907022222E0,3.640193690E-1,-2.520378586E-2
4.940177778E0,3.637833515E-1,-2.380341634E-2
4.973333333E0,3.640173992E-1,-2.521564200E-2
5.006488889E0,3.637095745E-1,-2.386370478E-2
5.039644444E0,3.640349384E-1,-2.519891198E-2
5.072800000E0,3.636695973E-1,-2.377683558E-2
5.105955556E0,3.639325182E-1,-2.536255087E-2
5.139111111E0,3.635347156E-1,-2.378495666E-2
5.172266667E0,3.642552499E-1,-2.529774593E-2
5.205422222E0,3.636652005E-1,-2.395640319E-2
5.238577778E0,3.641181999E-1,-2.533784871E-2
5.271733333E0,3.636932663E-1,-2.387609159E-2
5.304888889E0,3.640895714E-1,-2.542401562E-2
5.338044444E0,3.635138453E-1,-2.371892074E-2
5.371200000E0,3.639113849E-1,-2.535244171E-2
5.404355556E0,3.636842553E-1,-2.384234287E-2
5.437511111E0,3.639284461E-1,-2.514733016E-2
5.470666667E0,3.636808925E-1,-2.388179954E-2
5.503822222E0,3.639540588E-1,-2.520288117E-2
5.536977778E0,3.636282439E-1,-2.384814921E-2
5.570133333E0,3.639206893E-1,-2.523587109E-2
5.603288889E0,3.636413829E-1,-2.383996367E-2
5.636444444E0,3.639328573E-1,-2.526512846E-2
5.669600000E0,3.635865385E-1,-2.372470010E-2
5.702755556E0,3.638500800E-1,-2.524948573E-2
5.735911111E0,3.636008922E-1,-2.378034613E-2
5.769066667E0,3.639771265E-1,-2.524330367E-2
5.802222222E0,3.636188732E-1,-2.381677476E-2
5.835377778E0,3.639235509E-1,-2.518739306E-2
5.868533333E0,3.637620832E-1,-2.380718583E-2
5.901688889E0,3.637506223E-1,-2.527732737E-2
5.934844444E0,3.636163019E-1,-2.375836974E-2
5.968000000E0,3.640969048E-1,-2.539903451E-2
6.001155556E0,3.637955293E-1,-2.382177596E-2
6.034311111E0,3.640322636E-1,-2.527492039E-2
6.067466667E0,3.636496733E-1,-2.376707400E-2
6.100622222E0,3.639551343E-1,-2.520321576E-2
6.133777778E0,3.637350462E-1,-2.378669637E-2
6.166933333E0,3.640439036E-1,-2.537949580E-2
6.200088889E0,3.636756976E-1,-2.375079302E-2
6.233244444E0,3.640846054E-1,-2.518594752E-2
6.266400000E0,3.637272718E-1,-2.384559137E-2
6.299555556E0,3.640146620E-1,-2.538972065E-2
6.332711111E0,3.636126286E-1,-2.374866926E-2
6.365866667E0,3.640443638E-1,-2.541063579E-2
6.399022222E0,3.638045121E-1,-2.377176640E-2
6.432177778E0,3.640474836E-1,-2.524880907E-2
6.465333333E0,3.636413084E-1,-2.386860437E-2
6.498488889E0,3.641728824E-1,-2.515803693E-2
6.531644444E0,3.637744420E-1,-2.380748540E-2
6.564800000E0,3.639582385E-1,-2.528712897E-2
6.597955556E0,3.638125859E-1,-2.395106700E-2
6.631111111E0,3.640437966E-1,-2.532027570E-2
6.664266667E0,3.637779646E-1,-2.390753765E-2
6.697422222E0,3.641512951E-1,-2.545979067E-2
6.730577778E0,3.636791446E-1,-2.365127726E-2
6.763733333E0,3.640086261E-1,-2.532783576E-2
6.796888889E0,3.636804782E-1,-2.372999866E-2
6.830044444E0,3.640749559E-1,-2.546870344E-2
6.863200000E0,3.637159523E-1,-2.377853194E-2
6.896355556E0,3.640522752E-1,-2.542168123E-2
6.929511111E0,3.638032732E-1,-2.370579133E-2
6.962666667E0,3.641529830E-1,-2.549028691E-2
6.995822222E0,3.636560015E-1,-2.378259964E-2
7.028977778E0,3.640114291E-1,-2.545842467E-2
7.062133333E0,3.637258049E-1,-2.379317935E-2
7.095288889E0,3.641035177E-1,-2.526729528E-2
7.128444444E0,3.636730078E-1,-2.382611204E-2
7.161600000E0,3.641187929E-1,-2.535906199E-2
7.194755556E0,3.637815642E-1,-2.374647861E-2
7.227911111E0,3.639696480E-1,-2.519365011E-2
7.261066667E0,3.635785089E-1,-2.373737422E-2
7.294222222E0,3.640196811E-1,-2.531938684E-2
7.327377778E0,3.636616476E-1,-2.385032465E-2
7.360533333E0,3.641122568E-1,-2.527613663E-2
7.393688889E0,3.635996284E-1,-2.387561087E-2
7.426844444E0,3.638674378E-1,-2.527030623E-2
7.460000000E0,3.636073796E-1,-2.376300454E-2
7.493155556E0,3.639743372E-1,-2.531217663E-2
7.526311111E0,3.636772615E-1,-2.379875819E-2
7.559466667E0,3.639039984E-1,-2.526689390E-2
7.592622222E0,3.635734944E-1,-2.372182220E-2
7.625777778E0,3.639184749E-1,-2.530597212E-2
7.658933333E0,3.635454062E-1,-2.363515124E-2
7.692088889E0,3.638617897E-1,-2.520203765E-2
7.725244444E0,3.635057740E-1,-2.377448871E-2
7.758400000E0,3.639116443E-1,-2.510358226E-2
7.791555556E0,3.637472507E-1,-2.381395412E-2
7.824711111E0,3.640399386E-1,-2.522472194E-2
7.857866667E0,3.636060068E-1,-2.382987796E-2
7.891022222E0,3.639196869E-1,-2.510936145E-2
7.924177778E0,3.637748620E-1,-2.383083746E-2
7.957333333E0,3.640362843E-1,-2.536502155E-2
7.990488889E0,3.636859859E-1,-2.396013633E-2
8.023644444E0,3.639408551E-1,-2.521910201E-2
8.056800000E0,3.636732470E-1,-2.388281106E-2
8.089955556E0,3.641414234E-1,-2.519454679E-2
8.123111111E0,3.636270867E-1,-2.385217152E-2
8.156266667E0,3.640224608E-1,-2.524416812E-2
8.189422222E0,3.635668454E-1,-2.397513568E-2
8.222577778E0,3.641181064E-1,-2.514832971E-2
8.255733333E0,3.638285339E-1,-2.385306852E-2
8.288888889E0,3.639562338E-1,-2.517894560E-2
8.322044444E0,3.639468022E-1,-2.409102594E-2
8.355200000E0,3.642604444E-1,-2.533938453E-2
8.388355556E0,3.637142937E-1,-2.375688326E-2
8.421511111E0,3.640081028E-1,-2.525112970E-2
8.454666667E0,3.635332162E-1,-2.390747029E-2
8.487822222E0,3.638885232E-1,-2.514087859E-2
8.520977778E0,3.636874673E-1,-2.391400714E-2
8.554133333E0,3.638811906E-1,-2.504167136E-2
8.587288889E0,3.637581894E-1,-2.379852618E-2
8.620444444E0,3.640681984E-1,-2.501294948E-2
8.653600000E0,3.637560609E-1,-2.385786054E-2
8.686755556E0,3.641112388E-1,-2.522411725E-2
8.719911111E0,3.636735139E-1,-2.377356956E-2
8.753066667E0,3.642034012E-1,-2.525078303E-2
8.786222222E0,3.637254909E-1,-2.394744008E-2
8.819377778E0,3.633222884E-1,-2.350088757E-2
8.852533333E0,3.630347634E-1,-2.337137827E-2
8.885688889E0,3.605436905E-1,-2.151202995E-2
8.918844444E0,3.591407833E-1,-2.052396395E-2
8.952000000E0,3.591342446E-1,-2.074658404E-2
8.985155556E0,3.601432795E-1,-2.130344520E-2
9.018311111E0,3.602967345E-1,-2.141644496E-2
9.051466667E0,3.587047725E-1,-2.058919065E-2
9.084622222E0,3.587677541E-1,-2.058877164E-2
9.117777778E0,3.599215752E-1,-2.126685276E-2
9.150933333E0,3.618560140E-1,-2.331152596E-2
9.184088889E0,3.601890743E-1,-2.152670906E-2
9.217244444E0,3.600119611E-1,-2.162939614E-2
