mass_B
t,x,y
0.000000000E0,-2.755548752E-3,-2.479993877E-2
3.315555556E-2,-2.482337058E-3,-2.523591199E-2
6.631111111E-2,-2.716782875E-3,-2.481751921E-2
9.946666667E-2,-1.377653193E-3,-2.287897190E-2
1.326222222E-1,2.630305577E-3,-2.213313594E-2
1.657777778E-1,6.531817198E-3,-2.295923654E-2
1.989333333E-1,1.108180691E-2,-2.295935691E-2
2.320888889E-1,1.699030947E-2,-2.455360814E-2
2.652444444E-1,2.326313106E-2,-2.287765571E-2
2.984000000E-1,3.098958062E-2,-2.454451285E-2
3.315555556E-1,3.871991988E-2,-2.273371850E-2
3.647111111E-1,4.700000765E-2,-2.298495938E-2
3.978666667E-1,5.639357310E-2,-2.460511272E-2
4.310222222E-1,6.667829171E-2,-2.269875200E-2
4.641777778E-1,7.757193947E-2,-2.271889195E-2
4.973333333E-1,8.910335291E-2,-2.499864642E-2
5.304888889E-1,1.011610314E-1,-2.277305329E-2
5.636444444E-1,1.147126471E-1,-2.287689511E-2
5.968000000E-1,1.288353294E-1,-2.534288676E-2
6.299555556E-1,1.430307235E-1,-2.267296742E-2
6.631111111E-1,1.582711458E-1,-2.295081321E-2
6.962666667E-1,1.742533691E-1,-2.516606552E-2
7.294222222E-1,1.907945818E-1,-2.253237594E-2
7.625777778E-1,2.079401464E-1,-2.500302230E-2
7.957333333E-1,2.261662651E-1,-2.256633208E-2
8.288888889E-1,2.448592269E-1,-2.278541709E-2
8.620444444E-1,2.637816297E-1,-2.515981121E-2
8.952000000E-1,2.836862071E-1,-2.282277518E-2
9.283555556E-1,3.039634203E-1,-2.319552177E-2
9.615111111E-1,3.254392085E-1,-2.471611066E-2
9.946666667E-1,3.471679672E-1,-2.338677701E-2
1.027822222E0,3.690124112E-1,-2.330393148E-2
1.060977778E0,3.921133788E-1,-2.347751147E-2
1.094133333E0,4.154835176E-1,-2.439062413E-2
1.127288889E0,4.399636969E-1,-2.370809877E-2
1.160444444E0,4.648164788E-1,-2.383499500E-2
1.193600000E0,4.899069913E-1,-2.440329558E-2
1.226755556E0,5.158803798E-1,-2.268299381E-2
1.259911111E0,5.409262354E-1,-2.304754971E-2
1.293066667E0,5.686221484E-1,-2.459353151E-2
1.326222222E0,5.963979745E-1,-2.262502328E-2
1.359377778E0,6.243356547E-1,-2.277962624E-2
1.392533333E0,6.524677245E-1,-2.277411752E-2
1.425688889E0,6.830275666E-1,-2.319881773E-2
1.458844444E0,7.125945223E-1,-2.358015318E-2
1.492000000E0,7.421130409E-1,-2.430133434E-2
1.525155556E0,7.744650751E-1,-2.509154429E-2
1.558311111E0,8.056512725E-1,-2.545257010E-2
1.591466667E0,8.366458752E-1,-2.578645425E-2
1.624622222E0,8.692449867E-1,-2.610278998E-2
1.657777778E0,9.030602889E-1,-2.694466515E-2
1.690933333E0,9.357167384E-1,-2.756291708E-2
1.724088889E0,9.697467170E-1,-2.659026821E-2
1.757244444E0,1.003978062E0,-2.661035028E-2
1.790400000E0,1.038032443E0,-2.656035036E-2
1.823555556E0,1.073613341E0,-2.639747972E-2
1.856711111E0,1.110479235E0,-2.628967479E-2
1.889866667E0,1.146096736E0,-2.671300460E-2
1.923022222E0,1.181913519E0,-2.680147363E-2
1.956177778E0,1.220515645E0,-2.714483474E-2
1.989333333E0,1.256343825E0,-2.685985853E-2
2.022488889E0,1.294867119E0,-2.681499108E-2
2.055644444E0,1.333598704E0,-2.728659150E-2
2.088800000E0,1.370823561E0,-2.663737552E-2
2.121955556E0,1.407857002E0,-2.728556953E-2
2.155111111E0,1.443494594E0,-2.655270910E-2
2.188266667E0,1.477698601E0,-2.748209644E-2
2.221422222E0,1.510301960E0,-2.732228816E-2
2.254577778E0,1.542720385E0,-2.737450354E-2
2.287733333E0,1.573681817E0,-2.621247236E-2
2.320888889E0,1.604497008E0,-2.749899187E-2
2.354044444E0,1.632601085E0,-2.620218620E-2
2.387200000E0,1.661844466E0,-2.754407318E-2
2.420355556E0,1.688304834E0,-2.628175598E-2
2.453511111E0,1.714642615E0,-2.745803918E-2
2.486666667E0,1.739469000E0,-2.750522263E-2
2.519822222E0,1.764055037E0,-2.768973203E-2
2.552977778E0,1.787336552E0,-2.791777222E-2
2.586133333E0,1.809247413E0,-2.802924234E-2
2.619288889E0,1.830755768E0,-2.769326466E-2
2.652444444E0,1.850822701E0,-2.632442118E-2
2.685600000E0,1.870933825E0,-2.769897518E-2
2.718755556E0,1.889564272E0,-2.765374411E-2
2.751911111E0,1.906824094E0,-2.783072239E-2
2.785066667E0,1.923941005E0,-2.819056607E-2
2.818222222E0,1.940466545E0,-2.813926828E-2
2.851377778E0,1.954842227E0,-2.823105133E-2
2.884533333E0,1.969970717E0,-2.807538831E-2
2.917688889E0,1.982630288E0,-2.589047392E-2
2.950844444E0,1.996159147E0,-2.822378197E-2
2.984000000E0,2.007556919E0,-2.814952710E-2
3.017155556E0,2.019422134E0,-2.781719659E-2
3.050311111E0,2.028877626E0,-2.577187802E-2
3.083466667E0,2.038560510E0,-2.802028668E-2
3.116622222E0,2.047494197E0,-2.796656602E-2
3.149777778E0,2.055349185E0,-2.770340629E-2
3.182933333E0,2.062796517E0,-2.594562895E-2
3.216088889E0,2.069372588E0,-2.772328202E-2
3.249244444E0,2.075395184E0,-2.754813182E-2
3.282400000E0,2.080033852E0,-2.592444268E-2
3.315555556E0,2.084671712E0,-2.756181544E-2
3.348711111E0,2.087951450E0,-2.749476173E-2
3.381866667E0,2.090669838E0,-2.604543637E-2
3.415022222E0,2.092731301E0,-2.748814550E-2
3.448177778E0,2.093956812E0,-2.599001048E-2
3.481333333E0,2.095231072E0,-2.725427929E-2
3.514488889E0,2.095441809E0,-2.734845410E-2
3.547644444E0,2.095242317E0,-2.610844951E-2
3.580800000E0,2.095322640E0,-2.719978848E-2
3.613955556E0,2.095266982E0,-2.630286188E-2
3.647111111E0,2.095308780E0,-2.739224759E-2
3.680266667E0,2.095385252E0,-2.732297806E-2
3.713422222E0,2.095263537E0,-2.611620885E-2
3.746577778E0,2.095381134E0,-2.734481778E-2
3.779733333E0,2.095337490E0,-2.624878230E-2
3.812888889E0,2.095439140E0,-2.761585342E-2
3.846044444E0,2.095481664E0,-2.737209642E-2
3.879200000E0,2.095302246E0,-2.599632303E-2
3.912355556E0,2.095482264E0,-2.745076477E-2
3.945511111E0,2.095388601E0,-2.621926547E-2
3.978666667E0,2.095482283E0,-2.757508370E-2
4.011822222E0,2.095509941E0,-2.743901067E-2
4.044977778E0,2.095363595E0,-2.610349279E-2
4.078133333E0,2.095480620E0,-2.748470234E-2
4.111288889E0,2.095392350E0,-2.624621138E-2
4.144444444E0,2.095474392E0,-2.751550326E-2
4.177600000E0,2.095526083E0,-2.743290572E-2
4.210755556E0,2.095408174E0,-2.608963967E-2
4.243911111E0,2.095509915E0,-2.741545883E-2
4.277066667E0,2.095417948E0,-2.621513331E-2
4.310222222E0,2.095484859E0,-2.763410610E-2
4.343377778E0,2.095519299E0,-2.751570948E-2
4.376533333E0,2.095374381E0,-2.597104598E-2
4.409688889E0,2.095523939E0,-2.758474631E-2
4.442844444E0,2.095414329E0,-2.624183057E-2
4.476000000E0,2.095512273E0,-2.762391507E-2
4.509155556E0,2.095552356E0,-2.751319659E-2
4.542311111E0,2.095408881E0,-2.618949121E-2
4.575466667E0,2.095517906E0,-2.764720874E-2
4.608622222E0,2.095513295E0,-2.741492809E-2
4.641777778E0,2.095388032E0,-2.602046050E-2
4.674933333E0,2.095548990E0,-2.748901646E-2
4.708088889E0,2.095550701E0,-2.742185843E-2
4.741244444E0,2.095363419E0,-2.583572203E-2
4.774400000E0,2.095541946E0,-2.736002304E-2
4.807555556E0,2.095366059E0,-2.609637202E-2
4.840711111E0,2.095512602E0,-2.746453145E-2
4.873866667E0,2.095523373E0,-2.737745211E-2
4.907022222E0,2.095360538E0,-2.598134001E-2
4.940177778E0,2.095525104E0,-2.741773796E-2
4.973333333E0,2.095419277E0,-2.628552583E-2
5.006488889E0,2.095505629E0,-2.756373341E-2
5.039644444E0,2.095526736E0,-2.747755005E-2
5.072800000E0,2.095387634E0,-2.604630620E-2
5.105955556E0,2.095500260E0,-2.753812633E-2
5.139111111E0,2.095371802E0,-2.620879387E-2
5.172266667E0,2.095510695E0,-2.759330985E-2
5.205422222E0,2.095531552E0,-2.747006377E-2
5.238577778E0,2.095354276E0,-2.612427882E-2
5.271733333E0,2.095535060E0,-2.747601903E-2
5.304888889E0,2.095567657E0,-2.745214459E-2
5.338044444E0,2.095410045E0,-2.598166147E-2
5.371200000E0,2.095521743E0,-2.732339542E-2
5.404355556E0,2.095347296E0,-2.610614112E-2
5.437511111E0,2.095529938E0,-2.747615438E-2
5.470666667E0,2.095544800E0,-2.740806794E-2
5.503822222E0,2.095372873E0,-2.603574996E-2
5.536977778E0,2.095528804E0,-2.739700247E-2
5.570133333E0,2.095350180E0,-2.598806557E-2
5.603288889E0,2.095457072E0,-2.736360366E-2
5.636444444E0,2.095522768E0,-2.745460851E-2
5.669600000E0,2.095383440E0,-2.610413826E-2
5.702755556E0,2.095509802E0,-2.728185238E-2
5.735911111E0,2.095391409E0,-2.619799885E-2
5.769066667E0,2.095491690E0,-2.740306013E-2
5.802222222E0,2.095507861E0,-2.740274026E-2
5.835377778E0,2.095402461E0,-2.608831676E-2
5.868533333E0,2.095502096E0,-2.747291478E-2
5.901688889E0,2.095362432E0,-2.615941484E-2
5.934844444E0,2.095494363E0,-2.755522503E-2
5.968000000E0,2.095537979E0,-2.748797551E-2
6.001155556E0,2.095380407E0,-2.603434502E-2
6.034311111E0,2.095509715E0,-2.748026909E-2
6.067466667E0,2.095401042E0,-2.617098201E-2
6.100622222E0,2.095529091E0,-2.757325864E-2
6.133777778E0,2.095526131E0,-2.736925980E-2
6.166933333E0,2.095354769E0,-2.599874250E-2
6.200088889E0,2.095498677E0,-2.751352090E-2
6.233244444E0,2.095389113E0,-2.622274936E-2
6.266400000E0,2.095540154E0,-2.757309172E-2
6.299555556E0,2.095525927E0,-2.744546721E-2
6.332711111E0,2.095396245E0,-2.612321478E-2
6.365866667E0,2.095539090E0,-2.755699038E-2
6.399022222E0,2.095427573E0,-2.624369736E-2
6.432177778E0,2.095517833E0,-2.752019137E-2
6.465333333E0,2.095524217E0,-2.751534236E-2
6.498488889E0,2.095388514E0,-2.613400820E-2
6.531644444E0,2.095535951E0,-2.758166042E-2
6.564800000E0,2.095392804E0,-2.620580294E-2
6.597955556E0,2.095592448E0,-2.757193951E-2
6.631111111E0,2.095570621E0,-2.756346354E-2
6.664266667E0,2.095402390E0,-2.612890199E-2
6.697422222E0,2.095568753E0,-2.753352658E-2
6.730577778E0,2.095363841E0,-2.613316276E-2
6.763733333E0,2.095512567E0,-2.757044657E-2
6.796888889E0,2.095559750E0,-2.748698140E-2
6.830044444E0,2.095390301E0,-2.598284525E-2
6.863200000E0,2.095515619E0,-2.754071314E-2
6.896355556E0,2.095386690E0,-2.622965909E-2
6.929511111E0,2.095536194E0,-2.752809400E-2
6.962666667E0,2.095532821E0,-2.750228031E-2
6.995822222E0,2.095369260E0,-2.594605747E-2
7.028977778E0,2.095503808E0,-2.742418256E-2
7.062133333E0,2.095421187E0,-2.612511049E-2
7.095288889E0,2.095501273E0,-2.762670189E-2
7.128444444E0,2.095520418E0,-2.745372087E-2
7.161600000E0,2.095380939E0,-2.610474133E-2
7.194755556E0,2.095509259E0,-2.745710454E-2
7.227911111E0,2.095402015E0,-2.618303304E-2
7.261066667E0,2.095488652E0,-2.759845150E-2
7.294222222E0,2.095514729E0,-2.746405231E-2
7.327377778E0,2.095334150E0,-2.608844841E-2
7.360533333E0,2.095515647E0,-2.747254084E-2
7.393688889E0,2.095412638E0,-2.619894578E-2
7.426844444E0,2.095476691E0,-2.752925432E-2
