masse_A
t;x;y
9.946666667E-2;2.606137288E-1;-8.970598876E-1
1.326222222E-1;2.607247795E-1;-8.980222218E-1
1.657777778E-1;2.616483478E-1;-8.978154437E-1
1.989333333E-1;2.622752476E-1;-8.981459397E-1
2.320888889E-1;2.641739996E-1;-8.970334180E-1
2.652444444E-1;2.647146901E-1;-8.972238911E-1
2.984000000E-1;2.664475145E-1;-8.965610965E-1
3.315555556E-1;2.686160064E-1;-8.959039275E-1
3.647111111E-1;2.691231819E-1;-8.969504102E-1
3.978666667E-1;2.725875690E-1;-8.953148044E-1
4.310222222E-1;2.745471132E-1;-8.952118920E-1
4.641777778E-1;2.776661391E-1;-8.948248789E-1
4.973333333E-1;2.800558731E-1;-8.949319702E-1
5.304888889E-1;2.846739268E-1;-8.933392350E-1
5.636444444E-1;2.891171754E-1;-8.924692009E-1
5.968000000E-1;2.955721491E-1;-8.913816542E-1
6.299555556E-1;3.018717636E-1;-8.913979604E-1
6.631111111E-1;3.096993080E-1;-8.904089794E-1
6.962666667E-1;3.195247401E-1;-8.890722675E-1
7.294222222E-1;3.294740228E-1;-8.888987031E-1
7.625777778E-1;3.414276727E-1;-8.873586149E-1
7.957333333E-1;3.546537207E-1;-8.871915243E-1
8.288888889E-1;3.677724024E-1;-8.869549817E-1
8.620444444E-1;3.833032864E-1;-8.863877884E-1
8.952000000E-1;4.004299615E-1;-8.862126562E-1
9.283555556E-1;4.181796330E-1;-8.857172014E-1
9.615111111E-1;4.364563991E-1;-8.854173879E-1
9.946666667E-1;4.571453016E-1;-8.855028054E-1
1.027822222E0;4.799143345E-1;-8.855106789E-1
1.060977778E0;5.030049865E-1;-8.856505912E-1
1.094133333E0;5.280947710E-1;-8.854596740E-1
1.127288889E0;5.536948118E-1;-8.853804201E-1
1.160444444E0;5.806757685E-1;-8.856167377E-1
1.193600000E0;6.096519243E-1;-8.855512888E-1
1.226755556E0;6.387868084E-1;-8.857156028E-1
1.259911111E0;6.683549740E-1;-8.855423953E-1
1.293066667E0;6.988381447E-1;-8.857737720E-1
1.326222222E0;7.305296120E-1;-8.861942976E-1
1.359377778E0;7.622448117E-1;-8.857251145E-1
1.392533333E0;7.939522976E-1;-8.853733416E-1
1.425688889E0;8.275492198E-1;-8.853037485E-1
1.458844444E0;8.612393763E-1;-8.849268311E-1
1.492000000E0;8.941272977E-1;-8.840293259E-1
1.525155556E0;9.281503095E-1;-8.835290045E-1
1.558311111E0;9.623564770E-1;-8.826056522E-1
1.591466667E0;9.949948170E-1;-8.815457149E-1
1.624622222E0;1.028945487E0;-8.809119345E-1
1.657777778E0;1.061279518E0;-8.800758562E-1
1.690933333E0;1.094208786E0;-8.800377768E-1
1.724088889E0;1.126541031E0;-8.793184847E-1
1.757244444E0;1.159242848E0;-8.783076070E-1
1.790400000E0;1.190100462E0;-8.774541012E-1
1.823555556E0;1.222127546E0;-8.770179899E-1
1.856711111E0;1.253125033E0;-8.761857086E-1
1.889866667E0;1.283898135E0;-8.754658683E-1
1.923022222E0;1.314877204E0;-8.749696140E-1
1.956177778E0;1.344717216E0;-8.743162086E-1
1.989333333E0;1.374305711E0;-8.734332848E-1
2.022488889E0;1.403590834E0;-8.731323180E-1
2.055644444E0;1.432270000E0;-8.727041919E-1
2.088800000E0;1.461048103E0;-8.722817616E-1
2.121955556E0;1.489183364E0;-8.717022902E-1
2.155111111E0;1.518145070E0;-8.714179021E-1
2.188266667E0;1.547102890E0;-8.700181220E-1
2.221422222E0;1.574774481E0;-8.693277553E-1
2.254577778E0;1.603354275E0;-8.688124539E-1
2.287733333E0;1.630773860E0;-8.687398021E-1
2.320888889E0;1.658387288E0;-8.686290488E-1
2.354044444E0;1.686361243E0;-8.683940022E-1
2.387200000E0;1.713772594E0;-8.682260677E-1
2.420355556E0;1.741603810E0;-8.669351517E-1
2.453511111E0;1.768157530E0;-8.672554691E-1
2.486666667E0;1.795832653E0;-8.672937407E-1
2.519822222E0;1.821566181E0;-8.672090973E-1
2.552977778E0;1.848608753E0;-8.666546598E-1
2.586133333E0;1.875472344E0;-8.660063555E-1
2.619288889E0;1.900704275E0;-8.656403185E-1
2.652444444E0;1.925358345E0;-8.654669759E-1
2.685600000E0;1.950160520E0;-8.649881437E-1
2.718755556E0;1.972954958E0;-8.641941016E-1
2.751911111E0;1.995530879E0;-8.639725277E-1
2.785066667E0;2.017076889E0;-8.636729539E-1
2.818222222E0;2.037898015E0;-8.624742268E-1
2.851377778E0;2.057424855E0;-8.615531739E-1
2.884533333E0;2.076020830E0;-8.607873230E-1
2.917688889E0;2.092785248E0;-8.602206546E-1
2.950844444E0;2.108398824E0;-8.594448225E-1
2.984000000E0;2.123496308E0;-8.589901018E-1
3.017155556E0;2.136645857E0;-8.578175166E-1
3.050311111E0;2.149210071E0;-8.577184645E-1
3.083466667E0;2.159592122E0;-8.564502062E-1
3.116622222E0;2.168499921E0;-8.562577772E-1
3.149777778E0;2.175357743E0;-8.569237067E-1
3.182933333E0;2.181109536E0;-8.563613463E-1
3.216088889E0;2.184649236E0;-8.572938663E-1
3.249244444E0;2.187456944E0;-8.577116791E-1
3.282400000E0;2.188296221E0;-8.575318105E-1
3.315555556E0;2.188815138E0;-8.574840112E-1
3.348711111E0;2.187382361E0;-8.577806949E-1
3.381866667E0;2.183707177E0;-8.592903353E-1
3.415022222E0;2.180302612E0;-8.595006036E-1
3.448177778E0;2.174300085E0;-8.610224766E-1
3.481333333E0;2.168699841E0;-8.609168016E-1
3.514488889E0;2.160988504E0;-8.618088383E-1
3.547644444E0;2.152799883E0;-8.623769868E-1
3.580800000E0;2.142284936E0;-8.638662885E-1
3.613955556E0;2.133144721E0;-8.636746634E-1
3.647111111E0;2.122566977E0;-8.638326692E-1
3.680266667E0;2.111524268E0;-8.638083322E-1
3.713422222E0;2.100521979E0;-8.639088177E-1
3.746577778E0;2.088820558E0;-8.640045159E-1
3.779733333E0;2.077975909E0;-8.641109739E-1
3.812888889E0;2.066677029E0;-8.633169283E-1
3.846044444E0;2.055750544E0;-8.627932420E-1
3.879200000E0;2.045037038E0;-8.623424769E-1
3.912355556E0;2.034215242E0;-8.613119985E-1
3.945511111E0;2.023624914E0;-8.611532560E-1
3.978666667E0;2.014349386E0;-8.600685941E-1
4.011822222E0;2.005430073E0;-8.595697050E-1
4.044977778E0;1.997076563E0;-8.591930605E-1
4.078133333E0;1.990619039E0;-8.577619564E-1
4.111288889E0;1.984732773E0;-8.574403169E-1
4.144444444E0;1.980649374E0;-8.562552601E-1
4.177600000E0;1.976970165E0;-8.560621434E-1
4.210755556E0;1.975003509E0;-8.558643761E-1
4.243911111E0;1.974441189E0;-8.550410941E-1
4.277066667E0;1.973847861E0;-8.558544413E-1
4.310222222E0;1.975044185E0;-8.555088475E-1
4.343377778E0;1.977144658E0;-8.558824640E-1
4.376533333E0;1.979764574E0;-8.564584493E-1
4.409688889E0;1.983699920E0;-8.574504342E-1
4.442844444E0;1.989191464E0;-8.578866759E-1
4.476000000E0;1.996258523E0;-8.583860032E-1
4.509155556E0;2.003085489E0;-8.600536898E-1
4.542311111E0;2.011516189E0;-8.611836338E-1
4.575466667E0;2.022001654E0;-8.613530724E-1
4.608622222E0;2.032281161E0;-8.621529795E-1
4.641777778E0;2.042475569E0;-8.625947966E-1
4.674933333E0;2.052985438E0;-8.640712376E-1
4.708088889E0;2.065218503E0;-8.638995781E-1
4.741244444E0;2.075688767E0;-8.647446616E-1
4.774400000E0;2.087163693E0;-8.641340116E-1
4.807555556E0;2.097345620E0;-8.652149312E-1
4.840711111E0;2.108728114E0;-8.640791446E-1
4.873866667E0;2.118959282E0;-8.646297649E-1
4.907022222E0;2.128989555E0;-8.642360807E-1
4.940177778E0;2.139407064E0;-8.631072395E-1
4.973333333E0;2.148640136E0;-8.629870564E-1
5.006488889E0;2.157578838E0;-8.621121371E-1
5.039644444E0;2.165520924E0;-8.610359284E-1
5.072800000E0;2.172060557E0;-8.608440160E-1
5.105955556E0;2.177102364E0;-8.610081411E-1
5.139111111E0;2.180661482E0;-8.612409918E-1
5.172266667E0;2.183562618E0;-8.608480751E-1
5.205422222E0;2.185289700E0;-8.608287365E-1
5.238577778E0;2.185775988E0;-8.607181002E-1
5.271733333E0;2.185311680E0;-8.608664573E-1
5.304888889E0;2.183602014E0;-8.610766131E-1
5.338044444E0;2.182052320E0;-8.608461033E-1
5.371200000E0;2.177831070E0;-8.616106654E-1
5.404355556E0;2.173181207E0;-8.620888551E-1
5.437511111E0;2.167644164E0;-8.626699508E-1
5.470666667E0;2.160840003E0;-8.630609290E-1
5.503822222E0;2.152621902E0;-8.641322348E-1
5.536977778E0;2.144456774E0;-8.644550179E-1
5.570133333E0;2.134399320E0;-8.656433089E-1
5.603288889E0;2.124797710E0;-8.656810486E-1
5.636444444E0;2.114235012E0;-8.662770959E-1
5.669600000E0;2.103251639E0;-8.665791195E-1
5.702755556E0;2.091461936E0;-8.666974859E-1
5.735911111E0;2.080429808E0;-8.666318692E-1
5.769066667E0;2.069358326E0;-8.663984721E-1
5.802222222E0;2.058072318E0;-8.656726879E-1
5.835377778E0;2.047264859E0;-8.652665257E-1
5.868533333E0;2.037646281E0;-8.639849105E-1
5.901688889E0;2.026617446E0;-8.638671735E-1
5.934844444E0;2.017106798E0;-8.632540244E-1
5.968000000E0;2.008463041E0;-8.615798683E-1
6.001155556E0;1.999890363E0;-8.608573330E-1
6.034311111E0;1.992973593E0;-8.599487067E-1
6.067466667E0;1.986539324E0;-8.598278426E-1
6.100622222E0;1.982264100E0;-8.585719869E-1
6.133777778E0;1.978813758E0;-8.580397124E-1
6.166933333E0;1.975321034E0;-8.577856446E-1
6.200088889E0;1.973746344E0;-8.577800072E-1
6.233244444E0;1.973424200E0;-8.578047555E-1
6.266400000E0;1.974458665E0;-8.577680333E-1
6.299555556E0;1.976286904E0;-8.579163690E-1
6.332711111E0;1.978531337E0;-8.586374205E-1
6.365866667E0;1.982173904E0;-8.589573629E-1
6.399022222E0;1.986445505E0;-8.598720204E-1
6.432177778E0;1.993009235E0;-8.602961504E-1
6.465333333E0;2.000621333E0;-8.608048740E-1
6.498488889E0;2.007510493E0;-8.622094564E-1
6.531644444E0;2.016447268E0;-8.627849711E-1
6.564800000E0;2.027388692E0;-8.629002459E-1
6.597955556E0;2.036422521E0;-8.642476701E-1
6.631111111E0;2.046757580E0;-8.652875563E-1
6.664266667E0;2.057672859E0;-8.659492611E-1
6.697422222E0;2.069781204E0;-8.655345886E-1
6.730577778E0;2.081295968E0;-8.657803316E-1
6.763733333E0;2.090835258E0;-8.670246434E-1
6.796888889E0;2.101867824E0;-8.669646035E-1
6.830044444E0;2.113298013E0;-8.657782863E-1
6.863200000E0;2.123549653E0;-8.663991892E-1
6.896355556E0;2.132961888E0;-8.657421069E-1
6.929511111E0;2.142330032E0;-8.654588173E-1
6.962666667E0;2.151208733E0;-8.650703483E-1
6.995822222E0;2.159474105E0;-8.644317222E-1
7.028977778E0;2.166712149E0;-8.633934575E-1
7.062133333E0;2.172862948E0;-8.627473427E-1
7.095288889E0;2.177755565E0;-8.624323847E-1
7.128444444E0;2.181346316E0;-8.626062266E-1
7.161600000E0;2.183924847E0;-8.620894981E-1
7.194755556E0;2.185733256E0;-8.614583425E-1
7.227911111E0;2.185162671E0;-8.624189466E-1
7.261066667E0;2.184834987E0;-8.623141661E-1
7.294222222E0;2.182279494E0;-8.625443654E-1
7.327377778E0;2.179985914E0;-8.626296217E-1
7.360533333E0;2.176508309E0;-8.625181937E-1
7.393688889E0;2.170712393E0;-8.635561284E-1
7.426844444E0;2.163961313E0;-8.642303008E-1
7.460000000E0;2.158204721E0;-8.640481446E-1
7.493155556E0;2.149452890E0;-8.654152588E-1
7.526311111E0;2.140134179E0;-8.658423961E-1
7.559466667E0;2.130777215E0;-8.665310015E-1
7.592622222E0;2.121384445E0;-8.663301188E-1
7.625777778E0;2.109353263E0;-8.673588850E-1
7.658933333E0;2.099091619E0;-8.674972374E-1
7.692088889E0;2.088205154E0;-8.676384320E-1
7.725244444E0;2.077171934E0;-8.669524018E-1
7.758400000E0;2.066506440E0;-8.664242746E-1
7.791555556E0;2.055334247E0;-8.661321194E-1
7.824711111E0;2.043909827E0;-8.658699540E-1
7.857866667E0;2.034599889E0;-8.645794838E-1
7.891022222E0;2.025062622E0;-8.641594214E-1
7.924177778E0;2.014861847E0;-8.637740787E-1
7.957333333E0;2.006358277E0;-8.632722408E-1
7.990488889E0;1.999229706E0;-8.615378116E-1
8.023644444E0;1.992914518E0;-8.610633798E-1
8.056800000E0;1.986607131E0;-8.608102047E-1
8.089955556E0;1.983254268E0;-8.596235495E-1
8.123111111E0;1.979636395E0;-8.596431082E-1
8.156266667E0;1.977407295E0;-8.588425930E-1
8.189422222E0;1.975694603E0;-8.589961525E-1
8.222577778E0;1.976352515E0;-8.582271339E-1
8.255733333E0;1.977090520E0;-8.587437809E-1
8.288888889E0;1.979159765E0;-8.588374864E-1
8.322044444E0;1.981918094E0;-8.598250171E-1
8.355200000E0;1.987248800E0;-8.596635377E-1
8.388355556E0;1.991381096E0;-8.612396926E-1
8.421511111E0;1.998986171E0;-8.613809771E-1
8.454666667E0;2.006081541E0;-8.625730814E-1
8.487822222E0;2.014924297E0;-8.628839198E-1
8.520977778E0;2.023511795E0;-8.645658730E-1
8.554133333E0;2.032242961E0;-8.655385141E-1
8.587288889E0;2.043636417E0;-8.657177669E-1
8.620444444E0;2.053692348E0;-8.665784904E-1
8.653600000E0;2.064331958E0;-8.670440720E-1
8.686755556E0;2.074746206E0;-8.674307525E-1
8.719911111E0;2.086828504E0;-8.672538333E-1
8.753066667E0;2.097169089E0;-8.671125222E-1
8.786222222E0;2.107666149E0;-8.671921640E-1
8.819377778E0;2.117993020E0;-8.674424951E-1
8.852533333E0;2.129041023E0;-8.672351540E-1
8.885688889E0;2.138581692E0;-8.663699180E-1
8.918844444E0;2.147520432E0;-8.657681520E-1
8.952000000E0;2.156019417E0;-8.649892702E-1
8.985155556E0;2.163039018E0;-8.645283826E-1
9.018311111E0;2.168719254E0;-8.642706542E-1
9.051466667E0;2.175063441E0;-8.631303595E-1
9.084622222E0;2.179605449E0;-8.627217916E-1
9.117777778E0;2.182007539E0;-8.633174416E-1
9.150933333E0;2.183958198E0;-8.630112626E-1
9.184088889E0;2.185173727E0;-8.624063140E-1
9.217244444E0;2.184611062E0;-8.628414690E-1
9.250400000E0;2.183283418E0;-8.625921601E-1
9.283555556E0;2.180625722E0;-8.632573640E-1
9.316711111E0;2.178092262E0;-8.628789489E-1
9.349866667E0;2.173649270E0;-8.630814399E-1
9.383022222E0;2.167679210E0;-8.640876431E-1
9.416177778E0;2.160160214E0;-8.651637031E-1
9.449333333E0;2.153693655E0;-8.646417541E-1
9.482488889E0;2.145321322E0;-8.655003033E-1
9.515644444E0;2.136483420E0;-8.658277415E-1
9.548800000E0;2.126594393E0;-8.667013535E-1
9.581955556E0;2.116535616E0;-8.664905425E-1
9.615111111E0;2.104985978E0;-8.674345994E-1
9.648266667E0;2.094810063E0;-8.673500990E-1
9.681422222E0;2.083771098E0;-8.674676076E-1
9.714577778E0;2.073079033E0;-8.674257872E-1
9.747733333E0;2.062409022E0;-8.673351292E-1
9.780888889E0;2.050871511E0;-8.668322235E-1
9.814044444E0;2.040718321E0;-8.660179974E-1
9.847200000E0;2.031292061E0;-8.649517991E-1
9.880355556E0;2.022286299E0;-8.640845155E-1
9.913511111E0;2.012518509E0;-8.639962567E-1
9.946666667E0;2.005359605E0;-8.628133572E-1
9.979822222E0;1.997847001E0;-8.623641931E-1
1.001297778E1;1.992456910E0;-8.612672575E-1
1.004613333E1;1.986679770E0;-8.609047673E-1
1.007928889E1;1.983812806E0;-8.599240906E-1
1.011244444E1;1.980201383E0;-8.603304303E-1
1.014560000E1;1.978418950E0;-8.593363964E-1
1.017875556E1;1.977505880E0;-8.597791409E-1
1.021191111E1;1.978387466E0;-8.597389279E-1
1.024506667E1;1.979240822E0;-8.600303067E-1
1.027822222E1;1.981390138E0;-8.607447017E-1
1.031137778E1;1.984715220E0;-8.610274413E-1
1.034453333E1;1.989604478E0;-8.617218089E-1
1.037768889E1;1.996249031E0;-8.615394744E-1
1.041084444E1;2.003046349E0;-8.625881604E-1
1.044400000E1;2.010454516E0;-8.639353205E-1
1.047715556E1;2.018429510E0;-8.649694859E-1
1.051031111E1;2.028565586E0;-8.647370956E-1
1.054346667E1;2.038218872E0;-8.657717590E-1
1.057662222E1;2.048816606E0;-8.659209604E-1
1.060977778E1;2.059034994E0;-8.668221011E-1
1.064293333E1;2.069811174E0;-8.668141091E-1
1.067608889E1;2.080727136E0;-8.674629817E-1
1.070924444E1;2.091373299E0;-8.677042918E-1
1.074240000E1;2.102770485E0;-8.674647374E-1
1.077555556E1;2.113527991E0;-8.673169340E-1
1.080871111E1;2.123925909E0;-8.665604597E-1
1.084186667E1;2.133544560E0;-8.662496707E-1
1.087502222E1;2.143374877E0;-8.656148748E-1
1.090817778E1;2.151741471E0;-8.650513666E-1
1.094133333E1;2.158844728E0;-8.650982907E-1
1.097448889E1;2.165923930E0;-8.642102282E-1
1.100764444E1;2.171784838E0;-8.634878285E-1
1.104080000E1;2.176119945E0;-8.635885854E-1
1.107395556E1;2.179950659E0;-8.628798409E-1
1.110711111E1;2.182422849E0;-8.629741756E-1
1.114026667E1;2.184485293E0;-8.626293878E-1
1.117342222E1;2.184435425E0;-8.629537468E-1
1.120657778E1;2.184371627E0;-8.625455989E-1
1.123973333E1;2.182059619E0;-8.631036422E-1
1.127288889E1;2.178738840E0;-8.636322050E-1
1.130604444E1;2.174596250E0;-8.638630978E-1
1.133920000E1;2.169798340E0;-8.638476549E-1
