mass_A
t,x,y
0.000000000E0,2.755548752E-3,-8.845311493E-1
3.315555556E-2,5.849070434E-3,-8.890543321E-1
6.631111111E-2,4.201484750E-3,-8.869364299E-1
9.946666667E-2,3.555351802E-3,-8.862216690E-1
1.326222222E-1,3.608353260E-3,-8.864630789E-1
1.657777778E-1,4.010000738E-3,-8.857117944E-1
1.989333333E-1,4.175556676E-3,-8.853677117E-1
2.320888889E-1,4.323319084E-3,-8.852771552E-1
2.652444444E-1,5.032943710E-3,-8.864261718E-1
2.984000000E-1,5.675919251E-3,-8.858960495E-1
3.315555556E-1,6.911756204E-3,-8.861984738E-1
3.647111111E-1,8.419370530E-3,-8.853725901E-1
3.978666667E-1,1.049972145E-2,-8.846968760E-1
4.310222222E-1,1.361939833E-2,-8.838345125E-1
4.641777778E-1,1.765782400E-2,-8.839201899E-1
4.973333333E-1,2.197982309E-2,-8.834181474E-1
5.304888889E-1,2.758456342E-2,-8.820949472E-1
5.636444444E-1,3.499038942E-2,-8.825406028E-1
5.968000000E-1,4.254331456E-2,-8.809168796E-1
6.299555556E-1,5.157619116E-2,-8.811206600E-1
6.631111111E-1,6.194037385E-2,-8.797873370E-1
6.962666667E-1,7.397574804E-2,-8.791056585E-1
7.294222222E-1,8.728184085E-2,-8.788225380E-1
7.625777778E-1,1.017096964E-1,-8.780123736E-1
7.957333333E-1,1.180009232E-1,-8.780760454E-1
8.288888889E-1,1.352433544E-1,-8.778854764E-1
8.620444444E-1,1.540586517E-1,-8.764890367E-1
8.952000000E-1,1.747554920E-1,-8.766225860E-1
9.283555556E-1,1.963965149E-1,-8.762916133E-1
9.615111111E-1,2.197622048E-1,-8.761140443E-1
9.946666667E-1,2.456343644E-1,-8.760888636E-1
1.027822222E0,2.719495867E-1,-8.759124943E-1
1.060977778E0,3.003009732E-1,-8.767502678E-1
1.094133333E0,3.294324524E-1,-8.760024071E-1
1.127288889E0,3.603884556E-1,-8.763174295E-1
1.160444444E0,3.927265293E-1,-8.760656707E-1
1.193600000E0,4.256053265E-1,-8.764527658E-1
1.226755556E0,4.596704315E-1,-8.763549416E-1
1.259911111E0,4.949991086E-1,-8.759429295E-1
1.293066667E0,5.306818183E-1,-8.750114992E-1
1.326222222E0,5.666328693E-1,-8.747161009E-1
1.359377778E0,6.041516385E-1,-8.749947503E-1
1.392533333E0,6.422197143E-1,-8.737822739E-1
1.425688889E0,6.810322238E-1,-8.731049589E-1
1.458844444E0,7.183805787E-1,-8.723794058E-1
1.492000000E0,7.571422853E-1,-8.717390282E-1
1.525155556E0,7.943862825E-1,-8.707408007E-1
1.558311111E0,8.329562800E-1,-8.697279075E-1
1.591466667E0,8.715733368E-1,-8.686121200E-1
1.624622222E0,9.086455724E-1,-8.671774297E-1
1.657777778E0,9.459692081E-1,-8.665833817E-1
1.690933333E0,9.831124083E-1,-8.657076606E-1
1.724088889E0,1.018928789E0,-8.648318199E-1
1.757244444E0,1.055570973E0,-8.638271930E-1
1.790400000E0,1.090087977E0,-8.634459342E-1
1.823555556E0,1.124087938E0,-8.625585132E-1
1.856711111E0,1.159595541E0,-8.621189322E-1
1.889866667E0,1.193341848E0,-8.614846462E-1
1.923022222E0,1.226236115E0,-8.610833797E-1
1.956177778E0,1.260384063E0,-8.608155923E-1
1.989333333E0,1.292945496E0,-8.606761944E-1
2.022488889E0,1.325467154E0,-8.604532405E-1
2.055644444E0,1.357792158E0,-8.594921449E-1
2.088800000E0,1.390591466E0,-8.596171221E-1
2.121955556E0,1.423080261E0,-8.593903745E-1
2.155111111E0,1.455535226E0,-8.587618792E-1
2.188266667E0,1.488015430E0,-8.583469221E-1
2.221422222E0,1.521783763E0,-8.581026416E-1
2.254577778E0,1.554661559E0,-8.578449748E-1
2.287733333E0,1.588287689E0,-8.574315618E-1
2.320888889E0,1.621141572E0,-8.570306828E-1
2.354044444E0,1.655107977E0,-8.565836751E-1
2.387200000E0,1.689031068E0,-8.563609997E-1
2.420355556E0,1.721843125E0,-8.559927830E-1
2.453511111E0,1.755774998E0,-8.557292263E-1
2.486666667E0,1.789424351E0,-8.548437608E-1
2.519822222E0,1.822170118E0,-8.540779352E-1
2.552977778E0,1.854695939E0,-8.534066094E-1
2.586133333E0,1.887139684E0,-8.523602684E-1
2.619288889E0,1.918137028E0,-8.517021416E-1
2.652444444E0,1.947922289E0,-8.504599336E-1
2.685600000E0,1.977345616E0,-8.491842368E-1
2.718755556E0,2.005178520E0,-8.478001365E-1
2.751911111E0,2.032890291E0,-8.462589177E-1
2.785066667E0,2.059124527E0,-8.447001601E-1
2.818222222E0,2.083707513E0,-8.429174012E-1
2.851377778E0,2.105898376E0,-8.415232466E-1
2.884533333E0,2.127421694E0,-8.398372868E-1
2.917688889E0,2.147141873E0,-8.384307769E-1
2.950844444E0,2.164843903E0,-8.371985779E-1
2.984000000E0,2.180182652E0,-8.363520476E-1
3.017155556E0,2.194277401E0,-8.355050789E-1
3.050311111E0,2.206078030E0,-8.348935670E-1
3.083466667E0,2.215804348E0,-8.349700923E-1
3.116622222E0,2.223494667E0,-8.350203685E-1
3.149777778E0,2.217218100E0,-8.520243894E-1
3.182933333E0,2.220364390E0,-8.520886773E-1
3.216088889E0,2.221983668E0,-8.534472124E-1
3.249244444E0,2.221857719E0,-8.539096189E-1
3.282400000E0,2.220022947E0,-8.551241423E-1
3.315555556E0,2.215765578E0,-8.562456390E-1
3.348711111E0,2.209723622E0,-8.578649172E-1
3.381866667E0,2.203012723E0,-8.587170399E-1
3.415022222E0,2.194045898E0,-8.598087318E-1
3.448177778E0,2.183425793E0,-8.613044232E-1
3.481333333E0,2.172257675E0,-8.619082990E-1
3.514488889E0,2.159831562E0,-8.629557326E-1
3.547644444E0,2.147339823E0,-8.638926784E-1
3.580800000E0,2.133307940E0,-8.644974625E-1
3.613955556E0,2.119612247E0,-8.654149915E-1
3.647111111E0,2.105751380E0,-8.658436595E-1
3.680266667E0,2.092179478E0,-8.659559025E-1
3.713422222E0,2.078204240E0,-8.660099031E-1
3.746577778E0,2.065206721E0,-8.660445521E-1
3.779733333E0,2.051875964E0,-8.658548942E-1
3.812888889E0,2.039318126E0,-8.658947687E-1
3.846044444E0,2.028107664E0,-8.658399181E-1
3.879200000E0,2.017304373E0,-8.645733842E-1
3.912355556E0,2.007047439E0,-8.642339951E-1
3.945511111E0,1.998806751E0,-8.629608748E-1
3.978666667E0,1.991601844E0,-8.625765463E-1
4.011822222E0,1.986174505E0,-8.614324529E-1
4.044977778E0,1.982050757E0,-8.611852147E-1
4.078133333E0,1.979313062E0,-8.609869483E-1
4.111288889E0,1.977974782E0,-8.609742638E-1
4.144444444E0,1.978518371E0,-8.610745783E-1
4.177600000E0,1.980542744E0,-8.612632617E-1
4.210755556E0,1.983849484E0,-8.616753448E-1
4.243911111E0,1.988624827E0,-8.620934589E-1
4.277066667E0,1.994879384E0,-8.632726993E-1
4.310222222E0,2.002322360E0,-8.640273368E-1
4.343377778E0,2.010992634E0,-8.653874444E-1
4.376533333E0,2.021280774E0,-8.663777003E-1
4.409688889E0,2.032465153E0,-8.675083243E-1
4.442844444E0,2.045008173E0,-8.686618144E-1
4.476000000E0,2.057828429E0,-8.692789561E-1
4.509155556E0,2.071545156E0,-8.693668477E-1
4.542311111E0,2.085569654E0,-8.693083209E-1
4.575466667E0,2.099554677E0,-8.690889449E-1
4.608622222E0,2.113532696E0,-8.689657295E-1
4.641777778E0,2.127474339E0,-8.688041989E-1
4.674933333E0,2.141311071E0,-8.676433217E-1
4.708088889E0,2.154873476E0,-8.671591432E-1
4.741244444E0,2.167180370E0,-8.659644596E-1
4.774400000E0,2.178374218E0,-8.646198994E-1
4.807555556E0,2.188937090E0,-8.632396185E-1
4.840711111E0,2.198375074E0,-8.617175707E-1
4.873866667E0,2.206500613E0,-8.609014123E-1
4.907022222E0,2.213179312E0,-8.600105465E-1
4.940177778E0,2.218503782E0,-8.586229803E-1
4.973333333E0,2.222091433E0,-8.580135571E-1
5.006488889E0,2.224641319E0,-8.577406881E-1
5.039644444E0,2.224918422E0,-8.571671881E-1
5.072800000E0,2.223567051E0,-8.570175307E-1
5.105955556E0,2.221686331E0,-8.576734685E-1
5.139111111E0,2.217310013E0,-8.582953130E-1
5.172266667E0,2.211073047E0,-8.587748580E-1
5.205422222E0,2.204530311E0,-8.597896788E-1
5.238577778E0,2.195760281E0,-8.609210282E-1
5.271733333E0,2.186062063E0,-8.618025506E-1
5.304888889E0,2.175403699E0,-8.628266626E-1
5.338044444E0,2.164283895E0,-8.642232860E-1
5.371200000E0,2.152269994E0,-8.655724318E-1
5.404355556E0,2.139512172E0,-8.662486688E-1
5.437511111E0,2.126379650E0,-8.672748697E-1
5.470666667E0,2.112520066E0,-8.675701046E-1
5.503822222E0,2.098472680E0,-8.676614886E-1
5.536977778E0,2.085342560E0,-8.688527467E-1
5.570133333E0,2.071681736E0,-8.688867473E-1
5.603288889E0,2.058202028E0,-8.676896395E-1
5.636444444E0,2.045768183E0,-8.675242729E-1
5.669600000E0,2.034072481E0,-8.662563381E-1
5.702755556E0,2.023197463E0,-8.657614563E-1
5.735911111E0,2.013437957E0,-8.646877284E-1
5.769066667E0,2.004613837E0,-8.641146728E-1
5.802222222E0,1.997021976E0,-8.630175676E-1
5.835377778E0,1.990652020E0,-8.624410606E-1
5.868533333E0,1.985910866E0,-8.615982448E-1
5.901688889E0,1.982749298E0,-8.613489554E-1
5.934844444E0,1.980936121E0,-8.613133274E-1
5.968000000E0,1.980192618E0,-8.614287466E-1
6.001155556E0,1.981534529E0,-8.617109480E-1
6.034311111E0,1.984489029E0,-8.618590091E-1
6.067466667E0,1.988763350E0,-8.624186478E-1
6.100622222E0,1.994362320E0,-8.632418474E-1
6.133777778E0,2.001625384E0,-8.639332572E-1
6.166933333E0,2.009854159E0,-8.645924634E-1
6.200088889E0,2.019972059E0,-8.655069820E-1
6.233244444E0,2.030888610E0,-8.662027119E-1
6.266400000E0,2.042185441E0,-8.671408783E-1
6.299555556E0,2.054523533E0,-8.676821591E-1
6.332711111E0,2.068130736E0,-8.686781658E-1
6.365866667E0,2.081034896E0,-8.688579223E-1
6.399022222E0,2.094776182E0,-8.689361794E-1
6.432177778E0,2.108797523E0,-8.689708431E-1
6.465333333E0,2.122338441E0,-8.688726268E-1
6.498488889E0,2.135254908E0,-8.678467610E-1
6.531644444E0,2.148659115E0,-8.674219215E-1
6.564800000E0,2.160128647E0,-8.661729538E-1
6.597955556E0,2.172157014E0,-8.655864836E-1
6.631111111E0,2.182698891E0,-8.644116841E-1
6.664266667E0,2.192017505E0,-8.632005896E-1
6.697422222E0,2.200170225E0,-8.617604234E-1
6.730577778E0,2.207477121E0,-8.611352379E-1
6.763733333E0,2.212636933E0,-8.601109689E-1
6.796888889E0,2.217209454E0,-8.595193731E-1
6.830044444E0,2.220023299E0,-8.593415387E-1
6.863200000E0,2.221478178E0,-8.593220680E-1
6.896355556E0,2.221235178E0,-8.594358393E-1
6.929511111E0,2.219028685E0,-8.593782307E-1
6.962666667E0,2.215461067E0,-8.602129646E-1
6.995822222E0,2.210910089E0,-8.606903339E-1
7.028977778E0,2.204622654E0,-8.616457596E-1
7.062133333E0,2.197269990E0,-8.624747908E-1
7.095288889E0,2.188342759E0,-8.632540455E-1
7.128444444E0,2.178673841E0,-8.644703569E-1
7.161600000E0,2.168151631E0,-8.653225951E-1
7.194755556E0,2.156399126E0,-8.663721854E-1
7.227911111E0,2.144124267E0,-8.673469819E-1
7.261066667E0,2.131266656E0,-8.678114332E-1
7.294222222E0,2.118132170E0,-8.685656230E-1
7.327377778E0,2.104847099E0,-8.689714808E-1
7.360533333E0,2.091169576E0,-8.689453414E-1
7.393688889E0,2.077781025E0,-8.691225754E-1
7.426844444E0,2.064826523E0,-8.686323265E-1
