masse_A
t,x,y
0.000000000E0,3.077894737E2,-2.621754386E2
6.663333333E-2,3.142042368E2,-2.552488312E2
6.673333333E-2,3.078134932E2,-2.621299290E2
1.332555556E-1,3.078701524E2,-2.621188303E2
1.333555556E-1,3.079438453E2,-2.620533704E2
1.998888889E-1,3.084764312E2,-2.617870279E2
1.999888889E-1,3.095648068E2,-2.617061681E2
2.665222222E-1,3.087101094E2,-2.620393286E2
2.666222222E-1,3.079604028E2,-2.623855884E2
3.331444444E-1,3.088629816E2,-2.619738388E2
3.332444444E-1,3.077579345E2,-2.624304717E2
3.997777778E-1,3.078096427E2,-2.622980374E2
3.998777778E-1,3.091813149E2,-2.619631271E2
4.664000000E-1,3.076199297E2,-2.624613921E2
4.665000000E-1,3.077046044E2,-2.624113923E2
5.330333333E-1,3.091157793E2,-2.619991340E2
5.331333333E-1,3.075583830E2,-2.624704817E2
5.996666667E-1,3.077614640E2,-2.627327081E2
5.997666667E-1,3.079403428E2,-2.627968359E2
6.662888889E-1,3.084057358E2,-2.625837049E2
6.663888889E-1,3.082339115E2,-2.630654064E2
7.329222222E-1,3.083976504E2,-2.625490648E2
7.330222222E-1,3.083064744E2,-2.630834964E2
7.995555556E-1,3.089056395E2,-2.622945415E2
7.996555556E-1,3.088123211E2,-2.632317301E2
8.661777778E-1,3.093696080E2,-2.621893803E2
8.662777778E-1,3.092365675E2,-2.627450545E2
9.328111111E-1,3.096158602E2,-2.624806959E2
9.329111111E-1,3.093351431E2,-2.625937720E2
9.994444444E-1,3.093557883E2,-2.624919520E2
9.995444444E-1,3.090334653E2,-2.631011432E2
1.032755556E0,3.093113351E2,-2.625715544E2
1.099377778E0,3.092491688E2,-2.630186486E2
1.099477778E0,3.091983498E2,-2.626398698E2
1.166011111E0,3.092793746E2,-2.626646714E2
1.166111111E0,3.094440448E2,-2.625629774E2
1.232644444E0,3.089335089E2,-2.628285618E2
1.232744444E0,3.093485645E2,-2.625490939E2
1.299266667E0,3.090113605E2,-2.628451649E2
1.299366667E0,3.091911537E2,-2.627530674E2
1.365900000E0,3.096549458E2,-2.625034617E2
1.366000000E0,3.092158957E2,-2.627191241E2
1.432533333E0,3.095952003E2,-2.625090915E2
1.432633333E0,3.093104615E2,-2.625674233E2
1.499155556E0,3.089566564E2,-2.627458925E2
1.499255556E0,3.092062719E2,-2.627137620E2
1.565788889E0,3.094929140E2,-2.623499258E2
1.565888889E0,3.093277909E2,-2.625988066E2
1.632422222E0,3.094704572E2,-2.624568501E2
1.632522222E0,3.088471905E2,-2.626303803E2
1.699044444E0,3.097736862E2,-2.622754873E2
1.699144444E0,3.097726054E2,-2.621583645E2
1.765677778E0,3.097894714E2,-2.620045087E2
1.765777778E0,3.097880954E2,-2.620344291E2
1.832311111E0,3.085760110E2,-2.622411833E2
1.832411111E0,3.099833678E2,-2.617622847E2
1.898933333E0,3.099548551E2,-2.617388196E2
1.899033333E0,3.098784077E2,-2.617935996E2
1.965566667E0,3.098491550E2,-2.617645036E2
1.965666667E0,3.097411940E2,-2.617618295E2
2.032188889E0,3.097340105E2,-2.617969405E2
2.032288889E0,3.087000241E2,-2.622227533E2
2.065511111E0,3.097360288E2,-2.616200213E2
2.132133333E0,3.094785055E2,-2.615588629E2
2.132233333E0,3.092284494E2,-2.617830357E2
2.198766667E0,3.093529186E2,-2.614255931E2
2.198866667E0,3.092346600E2,-2.615548242E2
2.265400000E0,3.089905600E2,-2.617603760E2
2.265500000E0,3.089935210E2,-2.612502101E2
2.332022222E0,3.086087274E2,-2.619536125E2
2.332122222E0,3.087005697E2,-2.611045313E2
2.398655556E0,3.087346316E2,-2.611893401E2
2.398755556E0,3.083446237E2,-2.620803310E2
2.465288889E0,3.086195219E2,-2.611213781E2
2.465388889E0,3.083355106E2,-2.620388195E2
2.531911111E0,3.085339751E2,-2.610625378E2
2.532011111E0,3.086551083E2,-2.611932407E2
2.598544444E0,3.083303722E2,-2.621042621E2
2.598644444E0,3.086495781E2,-2.610537176E2
2.665166667E0,3.087505686E2,-2.611597141E2
2.665266667E0,3.083510432E2,-2.621194063E2
2.731800000E0,3.087276367E2,-2.610381590E2
2.731900000E0,3.084490933E2,-2.620701367E2
2.798433333E0,3.087726701E2,-2.609620141E2
2.798533333E0,3.088425435E2,-2.611411088E2
2.865055556E0,3.085215902E2,-2.620549163E2
2.865155556E0,3.088644255E2,-2.610401864E2
2.931688889E0,3.089056608E2,-2.611339493E2
2.931788889E0,3.085498964E2,-2.620690985E2
2.998322222E0,3.089795126E2,-2.610288024E2
2.998422222E0,3.090045826E2,-2.611203936E2
3.064944444E0,3.091138227E2,-2.612147908E2
3.065044444E0,3.085673273E2,-2.621380752E2
3.098266667E0,3.091943174E2,-2.612133850E2
3.164888889E0,3.091521510E2,-2.612163681E2
3.164988889E0,3.085760077E2,-2.620821387E2
3.231522222E0,3.090696133E2,-2.610628208E2
3.231622222E0,3.089805563E2,-2.611823687E2
3.298155556E0,3.084575873E2,-2.621248205E2
3.298255556E0,3.088342742E2,-2.611360309E2
3.364777778E0,3.088386429E2,-2.612137143E2
3.364877778E0,3.083496265E2,-2.621203828E2
3.431411111E0,3.087051110E2,-2.611625925E2
3.431511111E0,3.087240227E2,-2.612782528E2
3.498033333E0,3.082283407E2,-2.620847631E2
3.498133333E0,3.081798199E2,-2.616649334E2
3.564666667E0,3.082827723E2,-2.615048231E2
3.564766667E0,3.082785086E2,-2.616209141E2
3.631300000E0,3.082227156E2,-2.617538359E2
3.631400000E0,3.084511213E2,-2.612841890E2
3.697922222E0,3.082024681E2,-2.616687002E2
3.698022222E0,3.080147755E2,-2.618778967E2
3.764555556E0,3.077243900E2,-2.619558097E2
3.764655556E0,3.082831690E2,-2.609830489E2
3.831188889E0,3.080567375E2,-2.611292251E2
3.831288889E0,3.074717672E2,-2.620993382E2
3.897811111E0,3.076961455E2,-2.611361715E2
3.897911111E0,3.072411843E2,-2.620222337E2
3.964444444E0,3.071980453E2,-2.616172545E2
3.964544444E0,3.073683315E2,-2.614757753E2
4.031077778E0,3.070141455E2,-2.616219901E2
4.031177778E0,3.075493230E2,-2.613776920E2
4.097700000E0,3.076020448E2,-2.612182670E2
4.097800000E0,3.067906342E2,-2.615381254E2
4.131022222E0,3.076626062E2,-2.611929670E2
4.197644444E0,3.067572016E2,-2.614919466E2
4.197744444E0,3.077755902E2,-2.611163634E2
4.264277778E0,3.067165478E2,-2.614649762E2
4.264377778E0,3.078544075E2,-2.610829467E2
4.330900000E0,3.066779697E2,-2.614971548E2
4.331000000E0,3.079101525E2,-2.610717988E2
4.397533333E0,3.066357361E2,-2.615141851E2
4.397633333E0,3.079164682E2,-2.610692852E2
4.464166667E0,3.065858482E2,-2.615781584E2
4.464266667E0,3.078340905E2,-2.610669580E2
4.530788889E0,3.065777245E2,-2.616307908E2
4.530888889E0,3.067539768E2,-2.615224064E2
4.597422222E0,3.078185997E2,-2.611260503E2
4.597522222E0,3.066493144E2,-2.616881696E2
4.664055556E0,3.070345393E2,-2.617502400E2
4.664155556E0,3.071710630E2,-2.616584848E2
4.730677778E0,3.073632604E2,-2.615085803E2
4.730777778E0,3.071637836E2,-2.618639898E2
4.797311111E0,3.072782283E2,-2.615375292E2
4.797411111E0,3.073626043E2,-2.616044205E2
4.863944444E0,3.072212182E2,-2.618766254E2
4.864044444E0,3.074483938E2,-2.614777647E2
4.930566667E0,3.077545577E2,-2.613178077E2
4.930666667E0,3.075290729E2,-2.619674086E2
4.997200000E0,3.083821056E2,-2.611166287E2
4.997300000E0,3.081757466E2,-2.616305379E2
5.063822222E0,3.082835837E2,-2.616014816E2
5.063922222E0,3.083794782E2,-2.615327440E2
5.130455556E0,3.080755421E2,-2.617778980E2
5.130555556E0,3.082102817E2,-2.617163729E2
5.163766667E0,3.080245591E2,-2.619455843E2
5.230400000E0,3.078709818E2,-2.622003066E2
5.230500000E0,3.088559351E2,-2.618926442E2
5.297033333E0,3.077033133E2,-2.625857586E2
5.297133333E0,3.078019242E2,-2.625699242E2
5.363655556E0,3.088462768E2,-2.620073989E2
5.363755556E0,3.077776436E2,-2.627540107E2
5.430288889E0,3.081100593E2,-2.627742814E2
5.430388889E0,3.083077857E2,-2.625401721E2
5.496922222E0,3.081934168E2,-2.628506070E2
5.497022222E0,3.083391440E2,-2.626893104E2
5.563544444E0,3.083199603E2,-2.625324247E2
5.563644444E0,3.086187451E2,-2.623451791E2
5.630177778E0,3.083452691E2,-2.631625137E2
5.630277778E0,3.088712473E2,-2.621182349E2
5.696811111E0,3.084080669E2,-2.625981535E2
5.696911111E0,3.085431287E2,-2.620489367E2
5.763433333E0,3.087850777E2,-2.602168807E2
5.763533333E0,3.083645428E2,-2.594454452E2
5.830066667E0,3.087832856E2,-2.581941076E2
5.830166667E0,3.083829075E2,-2.579001831E2
5.896688889E0,3.082174653E2,-2.571704104E2
5.896788889E0,3.080225745E2,-2.553680042E2
5.963322222E0,3.080877630E2,-2.537663035E2
5.963422222E0,3.078885085E2,-2.522485041E2
6.029955556E0,3.086467745E2,-2.503224064E2
6.030055556E0,3.078321522E2,-2.485865165E2
6.096577778E0,3.087978972E2,-2.461228494E2
6.096677778E0,3.088267098E2,-2.437864992E2
6.163211111E0,3.079104951E2,-2.419396028E2
6.163311111E0,3.082979742E2,-2.395818112E2
6.196522222E0,3.085155619E2,-2.366404398E2
6.263155556E0,3.077046060E2,-2.342446790E2
6.263255556E0,3.084263754E2,-2.313581342E2
6.329788889E0,3.082380719E2,-2.285970210E2
6.329888889E0,3.082190873E2,-2.255760951E2
6.396411111E0,3.084174883E2,-2.225535750E2
6.396511111E0,3.086868866E2,-2.189890387E2
6.463044444E0,3.076854173E2,-2.160014770E2
6.463144444E0,3.082204862E2,-2.126438238E2
6.529666667E0,3.087635462E2,-2.090914019E2
6.529766667E0,3.086508047E2,-2.054810984E2
6.596300000E0,3.077894087E2,-2.022176392E2
6.596400000E0,3.086524146E2,-1.983376124E2
6.662933333E0,3.085876746E2,-1.942329228E2
6.663033333E0,3.076930638E2,-1.906204309E2
6.729555556E0,3.087268354E2,-1.861022247E2
6.729655556E0,3.075465012E2,-1.826168906E2
6.796188889E0,3.076701293E2,-1.784509691E2
6.796288889E0,3.082378641E2,-1.736498808E2
6.862822222E0,3.089110697E2,-1.687172115E2
6.862922222E0,3.084654646E2,-1.644831515E2
6.929444444E0,3.075208397E2,-1.603169987E2
6.929544444E0,3.087039084E2,-1.552100891E2
6.996077778E0,3.082029210E2,-1.506239100E2
6.996177778E0,3.087027373E2,-1.451657223E2
7.062711111E0,3.082519650E2,-1.405278565E2
7.062811111E0,3.085801169E2,-1.353368130E2
7.129333333E0,3.076081778E2,-1.304868701E2
7.129433333E0,3.085311356E2,-1.243910495E2
7.195966667E0,3.077290279E2,-1.195548172E2
7.196066667E0,3.088134628E2,-1.137471584E2
7.229277778E0,3.078082054E2,-1.086686929E2
7.295911111E0,3.087458227E2,-1.022041555E2
7.296011111E0,3.079875716E2,-9.693864622E1
7.362533333E0,3.088166160E2,-9.096876023E1
7.362633333E0,3.087568394E2,-8.506624035E1
7.429166667E0,3.076705399E2,-7.918111071E1
7.429266667E0,3.087569838E2,-7.264135815E1
7.495800000E0,3.082914919E2,-6.651408931E1
7.495900000E0,3.086697183E2,-6.006658549E1
7.562422222E0,3.085790964E2,-5.317323065E1
7.562522222E0,3.076991833E2,-4.740974552E1
7.629055556E0,3.086101566E2,-4.075773769E1
7.629155556E0,3.086402878E2,-3.382850888E1
7.695688889E0,3.085178818E2,-2.729257431E1
7.695788889E0,3.078114383E2,-2.216106536E1
7.762311111E0,3.087047216E2,-1.593905798E1
7.762411111E0,3.087483718E2,-9.936359813E0
7.828944444E0,3.086373015E2,-4.989135133E0
7.829044444E0,3.085352875E2,-2.869246139E-1
7.895577778E0,3.078540050E2,4.488176052E0
7.895677778E0,3.081538932E2,9.373814612E0
7.962200000E0,3.079190974E2,1.327594594E1
7.962300000E0,3.074922245E2,1.711954910E1
8.028833333E0,3.073316165E2,2.127025678E1
8.028933333E0,3.072969888E2,2.455241003E1
8.095455556E0,3.070887056E2,2.719978686E1
8.095555556E0,3.070026745E2,3.039614315E1
8.162088889E0,3.070268385E2,3.301988877E1
8.162188889E0,3.075116852E2,3.554122514E1
8.228722222E0,3.069418343E2,3.768606008E1
8.228822222E0,3.074985133E2,3.951789138E1
8.262033333E0,3.072056623E2,4.128966510E1
8.328666667E0,3.070380229E2,4.249948831E1
8.328766667E0,3.077612260E2,4.399965170E1
8.395288889E0,3.069092423E2,4.452703348E1
8.395388889E0,3.069782900E2,4.540430880E1
8.461922222E0,3.072751707E2,4.625702228E1
8.462022222E0,3.073120917E2,4.643285639E1
8.528555556E0,3.069371359E2,4.654356362E1
8.528655556E0,3.070330768E2,4.658233312E1
8.595177778E0,3.069967801E2,4.655115409E1
8.595277778E0,3.069794653E2,4.668509096E1
8.661811111E0,3.069599548E2,4.666151745E1
8.661911111E0,3.070277701E2,4.667671615E1
8.728444444E0,3.070171238E2,4.657246898E1
8.728544444E0,3.071024717E2,4.655324594E1
8.795066667E0,3.071048467E2,4.657554650E1
8.795166667E0,3.077135149E2,4.700756962E1
8.861700000E0,3.072605928E2,4.653479958E1
8.861800000E0,3.073145573E2,4.663722954E1
8.928322222E0,3.078001963E2,4.675593288E1
8.928422222E0,3.081241746E2,4.682276936E1
8.994955556E0,3.085867176E2,4.697661272E1
8.995055556E0,3.086964780E2,4.703756965E1
9.061588889E0,3.078557857E2,4.654042766E1
9.061688889E0,3.087581834E2,4.704844635E1
9.128211111E0,3.077961070E2,4.649278923E1
9.128311111E0,3.088049242E2,4.698828574E1
9.194844444E0,3.077569259E2,4.646650147E1
9.194944444E0,3.089051494E2,4.693097713E1
9.261477778E0,3.087398508E2,4.688092735E1
9.261577778E0,3.077075003E2,4.643906106E1
9.294788889E0,3.086296233E2,4.669811872E1
9.361422222E0,3.086300316E2,4.680869858E1
9.361522222E0,3.078665991E2,4.633649861E1
9.428044444E0,3.086584497E2,4.651746593E1
9.428144444E0,3.086420883E2,4.654445736E1
9.494677778E0,3.086163801E2,4.657690819E1
9.494777778E0,3.078613864E2,4.623933682E1
9.561311111E0,3.083337056E2,4.624792429E1
9.561411111E0,3.081727104E2,4.630104342E1
9.627933333E0,3.085596960E2,4.664169073E1
9.628033333E0,3.084062451E2,4.647242390E1
9.694566667E0,3.082940788E2,4.637531837E1
9.694666667E0,3.081509060E2,4.623579755E1
9.761188889E0,3.083738964E2,4.651480230E1
9.761288889E0,3.083239798E2,4.636620352E1
9.827822222E0,3.081018063E2,4.632960201E1
9.827922222E0,3.085355367E2,4.634833421E1
9.894455556E0,3.079411118E2,4.639701243E1
9.894555556E0,3.087280586E2,4.638847642E1
9.961077778E0,3.087183493E2,4.658345583E1
9.961177778E0,3.077564877E2,4.638773379E1
1.002771111E1,3.088579892E2,4.661698663E1
1.002781111E1,3.077343130E2,4.647548037E1
1.009434444E1,3.089885652E2,4.674076506E1
1.009444444E1,3.077341096E2,4.664481397E1
1.016096667E1,3.090779495E2,4.677475093E1
1.016106667E1,3.089001381E2,4.680679089E1
1.022760000E1,3.076754608E2,4.664954217E1
1.022770000E1,3.090181639E2,4.691371977E1
1.029423333E1,3.088808528E2,4.694625118E1
1.029433333E1,3.076241603E2,4.668168643E1
1.032754444E1,3.089650666E2,4.689838080E1
1.039416667E1,3.089252557E2,4.686027032E1
1.039426667E1,3.088109482E2,4.680849227E1
1.046080000E1,3.087449130E2,4.680684336E1
1.046090000E1,3.076854481E2,4.667432820E1
1.052743333E1,3.088279475E2,4.664080963E1
1.052753333E1,3.087227037E2,4.664446712E1
1.059405556E1,3.086854894E2,4.672488241E1
1.059415556E1,3.078022213E2,4.661867259E1
1.066068889E1,3.085940458E2,4.653001486E1
1.066078889E1,3.085312890E2,4.657266714E1
1.072732222E1,3.085405949E2,4.660856775E1
1.072742222E1,3.085000456E2,4.663774703E1
1.079394444E1,3.078631846E2,4.650830857E1
1.079404444E1,3.084247515E2,4.656661973E1
1.086057778E1,3.084288971E2,4.651276398E1
1.086067778E1,3.080513064E2,4.638465894E1
1.092721111E1,3.083284672E2,4.643064522E1
1.092731111E1,3.084391566E2,4.656519761E1
1.099383333E1,3.079376573E2,4.644997891E1
1.099393333E1,3.084834644E2,4.649582895E1
1.106046667E1,3.079977659E2,4.643253466E1
1.106056667E1,3.085352942E2,4.647206601E1
1.112708889E1,3.080169677E2,4.646306787E1
1.112718889E1,3.085495671E2,4.658080107E1
1.119372222E1,3.080168584E2,4.647025676E1
1.119382222E1,3.079918022E2,4.652816073E1
1.126035556E1,3.087516821E2,4.663328740E1
1.126045556E1,3.079383967E2,4.651306703E1
1.132697778E1,3.087326184E2,4.669868675E1
1.132707778E1,3.079172991E2,4.636291000E1
1.136030000E1,3.079984505E2,4.647439863E1
1.142692222E1,3.079628972E2,4.648279456E1
1.142702222E1,3.079827227E2,4.652594646E1
1.149355556E1,3.088576424E2,4.691089516E1
1.149365556E1,3.078916534E2,4.651611545E1
1.156018889E1,3.078893823E2,4.665900664E1
1.156028889E1,3.088108912E2,4.707388743E1
1.162681111E1,3.078425538E2,4.681749287E1
1.162691111E1,3.079004917E2,4.677435180E1
1.169344444E1,3.079297061E2,4.672158894E1
1.169354444E1,3.088633688E2,4.703924737E1
1.176007778E1,3.077935258E2,4.671261431E1
1.176017778E1,3.078649422E2,4.675584898E1
1.182670000E1,3.089405148E2,4.713743127E1
1.182680000E1,3.077539555E2,4.664150497E1
1.189333333E1,3.089250705E2,4.707763589E1
1.189343333E1,3.076876466E2,4.659627610E1
1.195995556E1,3.089394822E2,4.702467342E1
1.196005556E1,3.077117255E2,4.653108156E1
1.202658889E1,3.089473706E2,4.695608057E1
1.202668889E1,3.077346008E2,4.654614387E1
1.209322222E1,3.089243485E2,4.688341013E1
1.209332222E1,3.077915343E2,4.654958413E1
1.215984444E1,3.088952637E2,4.671943402E1
1.215994444E1,3.087656776E2,4.672233736E1
1.222647778E1,3.077775056E2,4.640227624E1
1.222657778E1,3.088607560E2,4.662405639E1
1.229311111E1,3.078122655E2,4.636152440E1
1.229321111E1,3.088136768E2,4.648087120E1
1.235973333E1,3.087323280E2,4.662026033E1
1.235983333E1,3.077929937E2,4.623070892E1
1.239305556E1,3.082387179E2,4.632670041E1
1.245967778E1,3.083047183E2,4.620074662E1
1.245977778E1,3.081879699E2,4.632319259E1
1.252631111E1,3.085196437E2,4.663251655E1
1.252641111E1,3.082569549E2,4.629914790E1
1.259294444E1,3.085903074E2,4.659266818E1
1.259304444E1,3.082887977E2,4.631578394E1
1.265956667E1,3.085596974E2,4.656904043E1
1.265966667E1,3.082977450E2,4.631678222E1
1.272620000E1,3.082256133E2,4.642297849E1
1.272630000E1,3.082712481E2,4.635781167E1
1.279282222E1,3.083292351E2,4.623321426E1
1.279292222E1,3.082738111E2,4.629316946E1
1.285945556E1,3.085753634E2,4.663384987E1
1.285955556E1,3.082597685E2,4.631829257E1
1.292608889E1,3.084921290E2,4.667876157E1
1.292618889E1,3.082847657E2,4.628014357E1
1.299271111E1,3.083915918E2,4.670179087E1
1.299281111E1,3.083130963E2,4.627003260E1
1.305934444E1,3.084124622E2,4.645346519E1
1.305944444E1,3.081480698E2,4.626260011E1
1.312597778E1,3.083522542E2,4.656690464E1
1.312607778E1,3.084198420E2,4.635402665E1
1.319260000E1,3.084972298E2,4.637500923E1
1.319270000E1,3.085219872E2,4.644027265E1
1.325923333E1,3.085410369E2,4.653936490E1
1.325933333E1,3.078183637E2,4.653710558E1
1.332586667E1,3.086407333E2,4.647128590E1
1.332596667E1,3.086068773E2,4.662388746E1
1.339248889E1,3.086166726E2,4.667614810E1
1.339258889E1,3.085800921E2,4.671781932E1
1.342581111E1,3.084574588E2,4.665952498E1
1.349243333E1,3.084518943E2,4.670227255E1
1.349253333E1,3.078323152E2,4.654819749E1
1.355906667E1,3.084914742E2,4.661111641E1
1.355916667E1,3.084703307E2,4.667402456E1
1.362568889E1,3.084848770E2,4.670098491E1
1.362578889E1,3.078792314E2,4.643767875E1
1.369232222E1,3.084762600E2,4.651285417E1
1.369242222E1,3.084702013E2,4.660032555E1
1.375895556E1,3.079772457E2,4.637026496E1
1.375905556E1,3.085205893E2,4.654489001E1
1.382557778E1,3.079558067E2,4.644638606E1
1.382567778E1,3.085492821E2,4.650487689E1
1.389221111E1,3.079424046E2,4.639133897E1
1.389231111E1,3.086023511E2,4.656709619E1
1.395884444E1,3.080708895E2,4.636263843E1
1.395894444E1,3.080113025E2,4.650357960E1
1.402546667E1,3.086617774E2,4.654547671E1
1.402556667E1,3.079689809E2,4.648143680E1
1.409210000E1,3.086552722E2,4.657370948E1
1.409220000E1,3.083563621E2,4.530072194E1
1.416873333E1,3.083631103E2,4.537277865E1
1.416883333E1,3.087453055E2,4.579966914E1
1.423535556E1,3.093259070E2,4.508169520E1
1.423545556E1,3.096280106E2,4.605029209E1
1.430198889E1,3.094108288E2,4.539093403E1
1.430208889E1,3.094484719E2,4.450364931E1
