masse_A
t,x,y
0.000000000E0,3.076227898E2,-2.674656189E2
6.663333333E-2,3.074897656E2,-2.663576017E2
6.673333333E-2,3.066115356E2,-2.674380842E2
1.332555556E-1,3.063070845E2,-2.665360503E2
1.333555556E-1,3.075222478E2,-2.657870601E2
1.998888889E-1,3.074731135E2,-2.655615563E2
1.999888889E-1,3.064207468E2,-2.657350541E2
2.665222222E-1,3.077051196E2,-2.648879716E2
2.666222222E-1,3.070975695E2,-2.648738624E2
3.231444444E-1,3.074690409E2,-2.645246191E2
3.232444444E-1,3.075943893E2,-2.638291346E2
3.897777778E-1,3.070921207E2,-2.638415777E2
3.898777778E-1,3.073243560E2,-2.635769422E2
4.564000000E-1,3.073816488E2,-2.627312288E2
4.565000000E-1,3.071085062E2,-2.628386868E2
5.330333333E-1,3.070658810E2,-2.629841273E2
5.331333333E-1,3.068923906E2,-2.629424589E2
5.996666667E-1,3.066003949E2,-2.626000996E2
5.997666667E-1,3.060296961E2,-2.615683225E2
6.562888889E-1,3.061161580E2,-2.615434229E2
6.563888889E-1,3.064549284E2,-2.613828442E2
7.229222222E-1,3.054919328E2,-2.618296000E2
7.230222222E-1,3.065808242E2,-2.608755114E2
7.895555556E-1,3.059694893E2,-2.610142353E2
7.896555556E-1,3.057612311E2,-2.611183279E2
8.561777778E-1,3.056607546E2,-2.612768984E2
8.562777778E-1,3.055366804E2,-2.612586301E2
9.228111111E-1,3.054679497E2,-2.613230344E2
9.229111111E-1,3.054490837E2,-2.612828806E2
9.894444444E-1,3.055264818E2,-2.613236634E2
9.895444444E-1,3.056034892E2,-2.612832560E2
1.022755556E0,3.053719070E2,-2.611401158E2
1.089377778E0,3.052360994E2,-2.612699061E2
1.089477778E0,3.051464150E2,-2.613055583E2
1.156011111E0,3.050307343E2,-2.613011408E2
1.156111111E0,3.048100180E2,-2.609936601E2
1.222644444E0,3.048612223E2,-2.608211401E2
1.222744444E0,3.054507357E2,-2.601738095E2
1.289266667E0,3.046925692E2,-2.602674072E2
1.289366667E0,3.048245532E2,-2.602062478E2
1.355900000E0,3.050737425E2,-2.599286483E2
1.356000000E0,3.052983176E2,-2.598968112E2
1.422533333E0,3.045884072E2,-2.596783615E2
1.422633333E0,3.057803495E2,-2.590885875E2
1.489155556E0,3.043254248E2,-2.593799124E2
1.489255556E0,3.057257597E2,-2.588082219E2
1.555788889E0,3.049498405E2,-2.587799293E2
1.555888889E0,3.053845119E2,-2.586481980E2
1.622422222E0,3.044667945E2,-2.589854393E2
1.622522222E0,3.053476594E2,-2.586460616E2
1.689044444E0,3.044450382E2,-2.588641114E2
1.689144444E0,3.056925141E2,-2.581214474E2
1.755677778E0,3.042589039E2,-2.586816285E2
1.755777778E0,3.057571648E2,-2.580519777E2
1.822311111E0,3.041043626E2,-2.585989783E2
1.822411111E0,3.053447001E2,-2.580858714E2
1.888933333E0,3.044393062E2,-2.585239701E2
1.889033333E0,3.055793970E2,-2.579699966E2
1.955566667E0,3.042940461E2,-2.585624506E2
1.955666667E0,3.057082378E2,-2.580109964E2
2.022188889E0,3.043095315E2,-2.586289374E2
2.022288889E0,3.057362113E2,-2.580553234E2
2.055511111E0,3.045039260E2,-2.587490089E2
2.122133333E0,3.056397173E2,-2.582139026E2
2.122233333E0,3.043062629E2,-2.588741005E2
2.188766667E0,3.056739869E2,-2.583795611E2
2.188866667E0,3.044891579E2,-2.590763825E2
2.255400000E0,3.052974740E2,-2.587913369E2
2.255500000E0,3.046199935E2,-2.590898091E2
2.322022222E0,3.051597806E2,-2.588771387E2
2.322122222E0,3.052889741E2,-2.586722655E2
2.388655556E0,3.045235376E2,-2.591443206E2
2.388755556E0,3.051908339E2,-2.587131551E2
2.455288889E0,3.046715092E2,-2.590445021E2
2.455388889E0,3.050485208E2,-2.588918002E2
2.521911111E0,3.051093468E2,-2.589588658E2
2.522011111E0,3.049200036E2,-2.592036360E2
2.588544444E0,3.046633699E2,-2.592851016E2
2.588644444E0,3.052669484E2,-2.582184059E2
2.655166667E0,3.049923781E2,-2.590435070E2
2.655266667E0,3.052930309E2,-2.584429648E2
2.721800000E0,3.051539839E2,-2.588400856E2
2.721900000E0,3.053428395E2,-2.585540387E2
2.788433333E0,3.045166204E2,-2.588544007E2
2.788533333E0,3.056001964E2,-2.583289681E2
2.855055556E0,3.056052709E2,-2.582166567E2
2.855155556E0,3.043231958E2,-2.586681381E2
2.921688889E0,3.057747714E2,-2.578760174E2
2.921788889E0,3.046516680E2,-2.581500252E2
2.988322222E0,3.056369843E2,-2.576437219E2
2.988422222E0,3.048069145E2,-2.580826947E2
3.054944444E0,3.053972911E2,-2.575905225E2
3.055044444E0,3.052053398E2,-2.577697895E2
3.088266667E0,3.052831236E2,-2.575442915E2
3.154888889E0,3.046338328E2,-2.579329474E2
3.154988889E0,3.054941110E2,-2.574209047E2
3.221522222E0,3.044478591E2,-2.577249080E2
3.221622222E0,3.057047087E2,-2.569507531E2
3.288155556E0,3.047243037E2,-2.572441158E2
3.288255556E0,3.055774690E2,-2.568341781E2
3.354777778E0,3.050713514E2,-2.568115678E2
3.354877778E0,3.051923623E2,-2.568171074E2
3.421411111E0,3.053467477E2,-2.565653906E2
3.421511111E0,3.046364418E2,-2.569587065E2
3.488044444E0,3.054794050E2,-2.564955987E2
3.488144444E0,3.054600828E2,-2.563744609E2
3.554666667E0,3.044143765E2,-2.569246184E2
3.554766667E0,3.056280783E2,-2.562602023E2
3.621300000E0,3.044667261E2,-2.568593099E2
3.621400000E0,3.056757860E2,-2.563139011E2
3.687922222E0,3.055455520E2,-2.562607742E2
3.688022222E0,3.044101756E2,-2.568818992E2
3.754555556E0,3.056387891E2,-2.562611160E2
3.754655556E0,3.044666454E2,-2.568436545E2
3.821188889E0,3.056725679E2,-2.562984892E2
3.821288889E0,3.044882290E2,-2.568558213E2
3.887811111E0,3.056591681E2,-2.563481993E2
3.887911111E0,3.055642653E2,-2.563092123E2
3.954444444E0,3.043681807E2,-2.569614301E2
3.954544444E0,3.055891291E2,-2.563402804E2
4.021077778E0,3.044850190E2,-2.569643172E2
4.021177778E0,3.055661860E2,-2.564301773E2
4.087700000E0,3.045409845E2,-2.569773832E2
4.087800000E0,3.052284013E2,-2.568295457E2
4.121022222E0,3.052109829E2,-2.566836073E2
4.187644444E0,3.047608786E2,-2.570649500E2
4.187744444E0,3.051130761E2,-2.568295867E2
4.254277778E0,3.050185326E2,-2.569769387E2
4.254377778E0,3.054533523E2,-2.565855848E2
4.320900000E0,3.053816244E2,-2.569061898E2
4.321000000E0,3.049652750E2,-2.571409330E2
4.387533333E0,3.054579888E2,-2.569607453E2
4.387633333E0,3.049232164E2,-2.572106053E2
4.454166667E0,3.054607480E2,-2.569468848E2
4.454266667E0,3.049219081E2,-2.572569194E2
4.520788889E0,3.054978936E2,-2.569970708E2
4.520888889E0,3.055344606E2,-2.571550581E2
4.587422222E0,3.044507692E2,-2.578109878E2
4.587522222E0,3.055927821E2,-2.573281407E2
4.654055556E0,3.045038880E2,-2.578936583E2
4.654155556E0,3.056781548E2,-2.573475659E2
4.720677778E0,3.055853713E2,-2.572973746E2
4.720777778E0,3.043413005E2,-2.579963426E2
4.787311111E0,3.053772126E2,-2.576499740E2
4.787411111E0,3.046161631E2,-2.580029409E2
4.853944444E0,3.052039486E2,-2.578305373E2
4.854044444E0,3.053419646E2,-2.576082046E2
4.920566667E0,3.044326640E2,-2.580190388E2
4.920666667E0,3.053752984E2,-2.576147592E2
4.987200000E0,3.046171072E2,-2.579918862E2
4.987300000E0,3.052184577E2,-2.577994221E2
5.053822222E0,3.047097399E2,-2.579804119E2
5.053922222E0,3.051500678E2,-2.578815081E2
5.120455556E0,3.046225632E2,-2.579299276E2
5.120555556E0,3.056224507E2,-2.574452112E2
5.153766667E0,3.045283003E2,-2.578474155E2
5.220400000E0,3.057061487E2,-2.571060716E2
5.220500000E0,3.043240183E2,-2.575853011E2
5.287033333E0,3.058075777E2,-2.569381291E2
5.287133333E0,3.046494764E2,-2.572110802E2
5.353655556E0,3.056201310E2,-2.567365351E2
5.353755556E0,3.048808123E2,-2.570280255E2
5.420288889E0,3.050449320E2,-2.569531721E2
5.420388889E0,3.050897582E2,-2.570753332E2
5.486922222E0,3.054453117E2,-2.563450035E2
5.487022222E0,3.053005702E2,-2.567755475E2
5.553544444E0,3.046336888E2,-2.569522878E2
5.553644444E0,3.055930713E2,-2.565332514E2
5.620177778E0,3.044836503E2,-2.569681406E2
5.620277778E0,3.053154008E2,-2.568197250E2
5.686811111E0,3.045662708E2,-2.570039266E2
5.686911111E0,3.052658463E2,-2.567783096E2
5.753433333E0,3.046820413E2,-2.570372374E2
5.753533333E0,3.051522750E2,-2.568575338E2
5.820066667E0,3.047556591E2,-2.570630517E2
5.820166667E0,3.051269761E2,-2.568584302E2
5.886688889E0,3.047944991E2,-2.570694372E2
5.886788889E0,3.050901590E2,-2.568990386E2
5.953322222E0,3.051556907E2,-2.570149407E2
5.953422222E0,3.047732063E2,-2.570034103E2
6.019955556E0,3.055744079E2,-2.566903117E2
6.020055556E0,3.048593867E2,-2.569250691E2
6.086577778E0,3.051923003E2,-2.568932913E2
6.086677778E0,3.053181626E2,-2.566721788E2
6.153211111E0,3.046820155E2,-2.572021274E2
6.153311111E0,3.047411862E2,-2.570747087E2
6.186522222E0,3.055149715E2,-2.568048735E2
6.253155556E0,3.048214634E2,-2.570747955E2
6.253255556E0,3.055218726E2,-2.568716387E2
6.319788889E0,3.047470266E2,-2.571427977E2
6.319888889E0,3.056032985E2,-2.569919275E2
6.386411111E0,3.044220396E2,-2.574719723E2
6.386511111E0,3.057017950E2,-2.573061044E2
6.453044444E0,3.043998114E2,-2.579075374E2
6.453144444E0,3.056835494E2,-2.574896963E2
6.519666667E0,3.043735570E2,-2.579565749E2
6.519766667E0,3.057060047E2,-2.575119982E2
6.586300000E0,3.043905316E2,-2.579714063E2
6.586400000E0,3.053787355E2,-2.578433744E2
6.652933333E0,3.046164980E2,-2.580708698E2
6.653033333E0,3.052039049E2,-2.579256571E2
6.719555556E0,3.054918568E2,-2.573561692E2
6.719655556E0,3.048523601E2,-2.567702096E2
6.786188889E0,3.055900254E2,-2.562262598E2
6.786288889E0,3.052964561E2,-2.556883085E2
6.852822222E0,3.046911895E2,-2.551016463E2
6.852922222E0,3.047084284E2,-2.542054595E2
6.919444444E0,3.056292044E2,-2.527247818E2
6.919544444E0,3.048854934E2,-2.520159467E2
6.986077778E0,3.051072349E2,-2.509431485E2
6.986177778E0,3.054320823E2,-2.497294679E2
7.052711111E0,3.046320163E2,-2.483027054E2
7.052811111E0,3.050831605E2,-2.470224005E2
7.119333333E0,3.055712565E2,-2.454502221E2
7.119433333E0,3.048764800E2,-2.441201992E2
7.185966667E0,3.058904346E2,-2.416910713E2
7.186066667E0,3.052304688E2,-2.406893822E2
7.219277778E0,3.052372064E2,-2.385584982E2
7.285911111E0,3.046725146E2,-2.368726275E2
7.286011111E0,3.053747280E2,-2.345735068E2
7.352544444E0,3.044279624E2,-2.329852890E2
7.352644444E0,3.046503688E2,-2.306987608E2
7.419166667E0,3.056321189E2,-2.278693708E2
7.419266667E0,3.053371611E2,-2.256275478E2
7.485800000E0,3.044041805E2,-2.235308474E2
7.485900000E0,3.055368425E2,-2.208609414E2
7.552422222E0,3.054685946E2,-2.184527586E2
7.552522222E0,3.048987610E2,-2.159551116E2
7.619055556E0,3.056173666E2,-2.130720399E2
7.619155556E0,3.053942673E2,-2.105033273E2
7.685688889E0,3.050209403E2,-2.078602715E2
7.685788889E0,3.048084634E2,-2.051451196E2
7.752311111E0,3.055083032E2,-2.017755298E2
7.752411111E0,3.046317314E2,-1.993656048E2
7.818944444E0,3.055580949E2,-1.959636533E2
7.819044444E0,3.047716342E2,-1.932443688E2
7.885577778E0,3.054999388E2,-1.899403691E2
7.885677778E0,3.052722532E2,-1.866036214E2
7.952200000E0,3.044882593E2,-1.836690638E2
7.952300000E0,3.049623843E2,-1.799875858E2
8.018833333E0,3.049012571E2,-1.771534070E2
8.018933333E0,3.046100155E2,-1.742902142E2
8.085455556E0,3.047150164E2,-1.707783154E2
8.085555556E0,3.042448430E2,-1.674383667E2
8.152088889E0,3.051920661E2,-1.623499431E2
8.152188889E0,3.054239310E2,-1.592228010E2
8.218722222E0,3.054111689E2,-1.556273774E2
8.218822222E0,3.049155667E2,-1.520384208E2
8.252033333E0,3.054933970E2,-1.480508938E2
8.318666667E0,3.055621642E2,-1.443189686E2
8.318766667E0,3.044347086E2,-1.406821011E2
8.385288889E0,3.056678828E2,-1.359335722E2
8.385388889E0,3.049878816E2,-1.318744839E2
8.451922222E0,3.050076578E2,-1.279437774E2
8.452022222E0,3.053814108E2,-1.236141048E2
8.518555556E0,3.056127733E2,-1.189294766E2
8.518655556E0,3.053762326E2,-1.143983145E2
8.585177778E0,3.047444539E2,-1.101788686E2
8.585277778E0,3.052240490E2,-1.057117835E2
8.651811111E0,3.046102442E2,-1.016239592E2
8.651911111E0,3.055865829E2,-9.704270046E1
8.718444444E0,3.045647959E2,-9.375810523E1
8.718544444E0,3.051739867E2,-8.989120033E1
8.785066667E0,3.054936045E2,-8.617922223E1
8.785166667E0,3.045430966E2,-8.376585639E1
8.851700000E0,3.052532202E2,-8.079787493E1
8.851800000E0,3.050702147E2,-7.788267223E1
8.918322222E0,3.053697963E2,-7.570638834E1
8.918422222E0,3.054760146E2,-7.338089539E1
8.984955556E0,3.044319327E2,-7.162742753E1
8.985055556E0,3.050897081E2,-6.990071912E1
9.051588889E0,3.055118139E2,-6.824869486E1
9.051688889E0,3.047249281E2,-6.717035628E1
9.118211111E0,3.055714799E2,-6.611094924E1
9.118311111E0,3.053197426E2,-6.561098903E1
9.184844444E0,3.047286028E2,-6.493665675E1
9.184944444E0,3.052380780E2,-6.475503844E1
9.251477778E0,3.045863702E2,-6.487117435E1
9.251577778E0,3.055507489E2,-6.440887704E1
9.284788889E0,3.048136341E2,-6.491796988E1
9.351422222E0,3.047045279E2,-6.485906988E1
9.351522222E0,3.056132772E2,-6.441059598E1
9.418044444E0,3.045797454E2,-6.503703887E1
9.418144444E0,3.049395831E2,-6.502593196E1
9.484677778E0,3.049837337E2,-6.495488476E1
9.484777778E0,3.051497193E2,-6.491089890E1
9.551311111E0,3.052478595E2,-6.477590059E1
9.551411111E0,3.047764595E2,-6.515102546E1
9.617933333E0,3.049502316E2,-6.493555870E1
9.618033333E0,3.052149247E2,-6.489446853E1
9.684566667E0,3.047757056E2,-6.521203422E1
9.684666667E0,3.050266078E2,-6.478170076E1
9.751188889E0,3.052595556E2,-6.479104132E1
9.751288889E0,3.048097462E2,-6.523320797E1
9.817822222E0,3.050883064E2,-6.476821162E1
9.817922222E0,3.051856813E2,-6.480590892E1
9.884455556E0,3.048653320E2,-6.524943939E1
9.884555556E0,3.050456661E2,-6.486764100E1
9.951077778E0,3.052359032E2,-6.484189127E1
9.951177778E0,3.048182111E2,-6.516273783E1
1.001771111E1,3.051922815E2,-6.481646984E1
1.001781111E1,3.048357761E2,-6.515543735E1
1.008434444E1,3.049930979E2,-6.497025121E1
1.008444444E1,3.054432847E2,-6.473993694E1
1.015096667E1,3.051210445E2,-6.479993839E1
1.015106667E1,3.052504902E2,-6.480529585E1
1.021760000E1,3.048056734E2,-6.519989381E1
1.021770000E1,3.050818658E2,-6.491468901E1
1.028423333E1,3.052620157E2,-6.487595704E1
1.028433333E1,3.048074852E2,-6.513000804E1
1.031754444E1,3.051371383E2,-6.485675759E1
1.038416667E1,3.048789394E2,-6.512763529E1
1.038426667E1,3.050137852E2,-6.497713259E1
1.045080000E1,3.053839692E2,-6.477944530E1
1.045090000E1,3.051144121E2,-6.485026187E1
1.051743333E1,3.052420621E2,-6.483200019E1
1.051753333E1,3.048194619E2,-6.516516424E1
1.058405556E1,3.050469397E2,-6.494241751E1
1.058415556E1,3.051766836E2,-6.496977535E1
1.065068889E1,3.049963271E2,-6.483682020E1
1.065078889E1,3.052063858E2,-6.487546150E1
1.071732222E1,3.052479152E2,-6.474367206E1
1.071742222E1,3.047611901E2,-6.528332076E1
1.078394444E1,3.050497285E2,-6.483580614E1
1.078404444E1,3.052599023E2,-6.490864092E1
1.085057778E1,3.053573202E2,-6.469480534E1
1.085067778E1,3.046226705E2,-6.533287730E1
1.091721111E1,3.050663412E2,-6.488478449E1
1.091731111E1,3.052534308E2,-6.490973181E1
1.098383333E1,3.053451095E2,-6.469183717E1
1.098393333E1,3.046529172E2,-6.524516204E1
1.105046667E1,3.051106602E2,-6.495106310E1
1.105056667E1,3.050138631E2,-6.517430225E1
1.111710000E1,3.052463444E2,-6.447612651E1
1.111720000E1,3.050075884E2,-6.498687118E1
1.118372222E1,3.053287236E2,-6.457763685E1
1.118382222E1,3.050691641E2,-6.490440229E1
1.125035556E1,3.050247569E2,-6.506686451E1
1.125045556E1,3.053054144E2,-6.449376478E1
1.131697778E1,3.050006091E2,-6.503376255E1
1.131707778E1,3.052842865E2,-6.441833955E1
1.135030000E1,3.048012134E2,-6.504917691E1
1.141692222E1,3.052506050E2,-6.441918593E1
1.141702222E1,3.051842423E2,-6.469535479E1
1.148355556E1,3.050489612E2,-6.486518697E1
1.148365556E1,3.050192345E2,-6.502044490E1
1.155018889E1,3.050816803E2,-6.437131346E1
1.155028889E1,3.044769192E2,-6.539814183E1
1.161681111E1,3.051324570E2,-6.403264237E1
1.161691111E1,3.047979847E2,-6.516508813E1
1.168344444E1,3.053405717E2,-6.425364922E1
1.168354444E1,3.049211133E2,-6.503473495E1
1.175007778E1,3.053151357E2,-6.431766149E1
1.175017778E1,3.049195174E2,-6.499854209E1
1.181670000E1,3.053617721E2,-6.435995247E1
1.181680000E1,3.052106603E2,-6.468279041E1
1.188333333E1,3.051667828E2,-6.475717225E1
1.188343333E1,3.048670157E2,-6.496015902E1
1.194995556E1,3.052845698E2,-6.476136548E1
1.195005556E1,3.053506556E2,-6.460657353E1
1.201658889E1,3.046042174E2,-6.482953613E1
1.201668889E1,3.055023644E2,-6.453207406E1
1.208322222E1,3.054574815E2,-6.449573524E1
1.208332222E1,3.045241562E2,-6.486631553E1
1.214984444E1,3.055262124E2,-6.455270159E1
1.214994444E1,3.045721117E2,-6.483729268E1
1.221647778E1,3.055649942E2,-6.460087816E1
1.221657778E1,3.055038638E2,-6.450101889E1
1.228311111E1,3.045306324E2,-6.488924990E1
1.228321111E1,3.055076767E2,-6.461073619E1
1.234973333E1,3.045664488E2,-6.485504969E1
1.234983333E1,3.055750702E2,-6.455203519E1
1.238305556E1,3.054192072E2,-6.459062614E1
1.244967778E1,3.045973056E2,-6.499054583E1
1.244977778E1,3.051671052E2,-6.488868380E1
1.251631111E1,3.048182287E2,-6.499516245E1
1.251641111E1,3.049883269E2,-6.498469049E1
1.258294444E1,3.054189752E2,-6.458563952E1
1.258304444E1,3.050166414E2,-6.490054034E1
1.264956667E1,3.050227186E2,-6.502257780E1
1.264966667E1,3.054631150E2,-6.442174952E1
1.271620000E1,3.050076591E2,-6.495504689E1
1.271630000E1,3.049944768E2,-6.508899169E1
1.278282222E1,3.054208557E2,-6.452993325E1
1.278292222E1,3.050751951E2,-6.491510801E1
1.284945556E1,3.050990542E2,-6.500595372E1
1.284955556E1,3.054431404E2,-6.448329315E1
1.291608889E1,3.051416685E2,-6.485512756E1
1.291618889E1,3.048602735E2,-6.507969763E1
1.298271111E1,3.049920966E2,-6.496567177E1
1.298281111E1,3.054655581E2,-6.465706462E1
1.304934444E1,3.049837584E2,-6.492202005E1
1.304944444E1,3.051107155E2,-6.495727247E1
1.311597778E1,3.052174770E2,-6.494498171E1
1.311607778E1,3.053108125E2,-6.470568204E1
1.318260000E1,3.047177431E2,-6.517102433E1
1.318270000E1,3.050743176E2,-6.489588662E1
1.324923333E1,3.053254106E2,-6.472438664E1
1.324933333E1,3.047586362E2,-6.519570995E1
1.331586667E1,3.050831184E2,-6.485586860E1
1.331596667E1,3.052678213E2,-6.483334187E1
1.338248889E1,3.047971684E2,-6.514680722E1
1.338258889E1,3.050027540E2,-6.493647987E1
1.341581111E1,3.051256265E2,-6.483265067E1
1.348243333E1,3.052761275E2,-6.475929583E1
1.348253333E1,3.047545787E2,-6.529611564E1
1.354906667E1,3.052351178E2,-6.479276159E1
1.354916667E1,3.048652404E2,-6.526408040E1
1.361568889E1,3.050867908E2,-6.487914175E1
1.361578889E1,3.052061389E2,-6.485423595E1
1.368232222E1,3.047813425E2,-6.521070480E1
1.368242222E1,3.052372898E2,-6.477973737E1
1.374895556E1,3.049291539E2,-6.522604376E1
1.374905556E1,3.050774054E2,-6.486027327E1
1.381557778E1,3.052275873E2,-6.483513465E1
1.381567778E1,3.048619491E2,-6.514236793E1
1.388221111E1,3.050649602E2,-6.495259139E1
1.388231111E1,3.052606057E2,-6.488434028E1
1.394884444E1,3.048289028E2,-6.509240792E1
1.394894444E1,3.051267939E2,-6.490713862E1
1.401546667E1,3.052312662E2,-6.477642846E1
1.401556667E1,3.048196495E2,-6.528133072E1
1.408210000E1,3.051115722E2,-6.485856745E1
1.408220000E1,3.052651222E2,-6.481627581E1
1.414873333E1,3.047974247E2,-6.515109895E1
1.414883333E1,3.050542030E2,-6.496459903E1
1.421535556E1,3.051623365E2,-6.500192694E1
1.421545556E1,3.047500885E2,-6.507119930E1
1.428198889E1,3.046835179E2,-6.533458075E1
1.428208889E1,3.056621781E2,-6.474923847E1
1.434861111E1,3.048059702E2,-6.508807963E1
1.434871111E1,3.055872752E2,-6.477919487E1
1.441524444E1,3.049248033E2,-6.494245021E1
1.441534444E1,3.051473977E2,-6.492616841E1
1.444855556E1,3.052619081E2,-6.471678018E1
1.451518889E1,3.047478167E2,-6.516955216E1
1.451528889E1,3.050304492E2,-6.496299478E1
1.458182222E1,3.051500220E2,-6.495364980E1
1.458192222E1,3.053266924E2,-6.469217724E1
1.464844444E1,3.051671830E2,-6.482854248E1
1.464854444E1,3.051807429E2,-6.481738151E1
1.471507778E1,3.052539051E2,-6.468310574E1
1.471517778E1,3.053384073E2,-6.469615303E1
1.478171111E1,3.047678968E2,-6.540818966E1
1.478181111E1,3.048589179E2,-6.523518973E1
1.484833333E1,3.053512329E2,-6.514602526E1
1.484843333E1,3.054555311E2,-6.523150212E1
1.491496667E1,3.046204206E2,-6.591074576E1
1.491506667E1,3.054004047E2,-6.567301628E1
1.498160000E1,3.053475375E2,-6.572962056E1
1.498170000E1,3.052389697E2,-6.576445536E1
1.504822222E1,3.049843835E2,-6.587102758E1
1.504832222E1,3.048095347E2,-6.629905409E1
1.512485556E1,3.048260610E2,-6.617125020E1
1.512495556E1,3.055970722E2,-6.586034142E1
1.519147778E1,3.048638815E2,-6.607110543E1
1.519157778E1,3.054055056E2,-6.659256720E1
1.525811111E1,3.053988304E2,-6.652363491E1
1.525821111E1,3.045418822E2,-6.693548875E1
